Time (ms),TCP_x (mm),TCP_y (mm),TCP_z (mm),TCP_rx (rad),TCP_ry (rad),TCP_rz (rad),Robot_I (A)
1.391,0.0,0.0,0.0,1.228,1.171,-1.208,1.091
2.879,0.0,0.0,0.0,1.228,1.171,-1.208,1.091
6.053,0.0,0.0,0.0,1.228,1.171,-1.208,1.091
9.053,0.0,0.0,0.0,1.228,1.171,-1.208,1.126
10.517,0.0,0.0,0.0,1.228,1.171,-1.208,1.126
12.029,0.0,0.0,0.0,1.228,1.171,-1.208,1.126
13.518,0.0,0.0,0.0,1.228,1.171,-1.208,1.126
15.05,0.0,0.0,0.0,1.228,1.171,-1.208,1.126
18.022,0.0,0.0,0.0,1.228,1.171,-1.208,1.162
23.478,0.0,0.0,0.0,1.228,1.171,-1.208,1.162
24.965,0.0,0.0,0.0,1.228,1.171,-1.208,1.056
27.942,0.0,0.0,0.0,1.228,1.171,-1.208,1.056
30.918,0.0,0.0,0.0,1.228,1.171,-1.208,1.056
32.406,0.0,0.0,0.0,1.228,1.171,-1.208,1.056
34.013,0.0,0.0,0.0,1.228,1.171,-1.208,1.126
35.504,0.0,0.0,0.0,1.228,1.171,-1.208,1.126
36.992,0.0,0.0,0.0,1.228,1.171,-1.208,1.126
38.48,0.0,0.0,0.0,1.228,1.171,-1.208,1.126
41.456,0.0,0.0,0.0,1.228,1.171,-1.208,1.126
42.944,0.0,0.0,0.0,1.228,1.171,-1.208,1.091
44.432,0.0,0.0,0.0,1.228,1.171,-1.208,1.091
45.924,0.0,0.0,0.0,1.228,1.171,-1.208,1.091
47.408,0.0,0.0,0.0,1.228,1.171,-1.208,1.091
50.388000000000005,0.0,0.0,0.0,1.228,1.171,-1.208,1.127
51.872,0.0,0.0,0.0,1.228,1.171,-1.208,1.127
53.36,0.0,0.0,0.0,1.228,1.171,-1.208,1.127
54.848,0.0,0.0,0.0,1.228,1.171,-1.208,1.127
58.321,0.0,0.0,0.0,1.228,1.171,-1.208,1.127
61.3,0.0,0.0,0.0,1.228,1.171,-1.208,1.021
62.797,0.0,0.0,0.0,1.228,1.171,-1.208,1.021
65.76799999999999,0.0,0.0,0.0,1.228,1.171,-1.208,1.021
67.25699999999999,0.0,0.0,0.0,1.228,1.171,-1.208,1.302
68.757,0.0,0.0,0.0,1.228,1.171,-1.208,1.302
71.73100000000001,0.0,0.0,0.0,1.228,1.171,-1.208,1.302
73.215,0.0,0.0,0.0,1.228,1.171,-1.208,1.302
76.699,0.0,0.0,0.0,1.228,1.171,-1.208,1.302
78.189,0.0,0.0,0.0,1.228,1.171,-1.208,1.091
80.744,0.0,0.0,0.0,1.228,1.171,-1.208,1.091
82.236,0.0,0.0,0.0,1.228,1.171,-1.208,1.091
83.73,0.0,0.0,0.0,1.228,1.171,-1.208,1.091
85.21199999999999,0.0,0.0,0.0,1.228,1.171,-1.208,1.021
86.7,0.0,0.0,0.0,1.228,1.171,-1.208,1.021
89.81,0.0,0.0,0.0,1.228,1.171,-1.208,1.021
92.247,0.0,0.0,0.0,1.228,1.171,-1.208,1.021
95.332,0.0,0.0,0.0,1.228,1.171,-1.208,1.091
97.32,0.0,0.0,0.0,1.228,1.171,-1.208,1.091
98.832,0.0,0.0,0.0,1.228,1.171,-1.208,1.091
100.297,0.0,0.0,0.0,1.228,1.171,-1.208,1.091
103.272,0.0,0.0,0.0,1.228,1.171,-1.208,1.091
104.798,0.0,0.0,0.0,1.228,1.171,-1.208,1.091
106.247,0.0,0.0,0.0,1.228,1.171,-1.208,1.091
107.744,0.0,0.0,0.0,1.228,1.171,-1.208,0.986
110.712,0.0,0.0,0.0,1.228,1.171,-1.208,0.986
112.199,0.0,0.0,0.0,1.228,1.171,-1.208,0.986
113.692,0.0,0.0,0.0,1.228,1.171,-1.208,0.986
115.181,0.0,0.0,0.0,1.228,1.171,-1.208,0.986
116.663,0.0,0.0,0.0,1.228,1.171,-1.208,1.091
118.151,0.0,0.0,0.0,1.228,1.171,-1.208,1.091
121.132,0.0,0.0,0.0,1.228,1.171,-1.208,1.091
122.615,0.0,0.0,0.0,1.228,1.171,-1.208,1.091
124.103,0.0,0.0,0.0,1.228,1.171,-1.208,1.091
126.089,0.0,0.0,0.0,1.228,1.171,-1.208,1.056
129.559,0.0,0.0,0.0,1.228,1.171,-1.208,1.056
132.585,0.0,0.0,0.0,1.228,1.171,-1.208,1.056
134.023,0.0,0.0,0.0999999999999943,1.228,1.171,-1.208,1.056
136.99900000000002,0.0,0.0,0.0999999999999943,1.228,1.171,-1.208,1.056
139.99900000000002,0.0,0.0,0.0999999999999943,1.228,1.171,-1.208,1.056
141.487,0.0,0.0,0.0999999999999943,1.228,1.171,-1.208,1.056
142.951,0.0,0.0,0.0999999999999943,1.228,1.171,-1.208,1.056
144.46300000000002,0.0,0.0,0.0999999999999943,1.228,1.171,-1.208,1.056
145.951,0.0,0.0,0.0999999999999943,1.228,1.171,-1.208,1.056
147.415,0.0,0.0,0.0999999999999943,1.228,1.171,-1.208,1.056
150.418,0.0,0.0,0.0999999999999943,1.228,1.171,-1.208,1.056
151.90300000000002,0.0,0.0,0.0999999999999943,1.228,1.171,-1.208,1.056
153.391,0.0,0.0,0.0999999999999943,1.228,1.171,-1.208,1.056
154.879,0.0,0.0,0.0999999999999943,1.228,1.171,-1.208,1.056
157.831,0.0,0.0,0.0999999999999943,1.228,1.171,-1.208,1.056
161.304,0.0,0.0,0.0999999999999943,1.228,1.171,-1.208,1.056
163.292,0.0,0.0,0.0999999999999943,1.228,1.171,-1.208,1.056
164.805,0.0,0.0,0.0999999999999943,1.228,1.171,-1.208,1.056
168.275,0.0,0.0,0.0999999999999943,1.228,1.171,-1.208,0.985
171.25199999999998,0.0,0.0,0.0999999999999943,1.228,1.171,-1.208,0.985
174.22899999999998,0.0,0.0,0.0999999999999943,1.228,1.171,-1.208,0.985
175.71800000000002,0.0,0.0,0.0999999999999943,1.228,1.171,-1.208,0.985
177.245,0.0,0.0,0.0999999999999943,1.228,1.171,-1.208,0.985
178.756,0.0,0.0,0.0999999999999943,1.228,1.171,-1.208,0.985
181.708,0.0,0.0,0.0999999999999943,1.228,1.171,-1.208,0.985
183.221,0.0,0.0,0.0999999999999943,1.228,1.171,-1.208,1.126
186.185,0.0,0.0,0.0999999999999943,1.228,1.171,-1.208,1.126
189.149,0.0,0.0,0.0999999999999943,1.228,1.171,-1.208,1.126
190.661,0.0,0.0,0.0999999999999943,1.228,1.171,-1.208,1.091
192.149,0.0,0.0,0.0999999999999943,1.228,1.171,-1.208,1.091
195.599,0.0,0.0,0.0999999999999943,1.228,1.171,-1.208,1.091
198.596,0.0,0.0,0.0999999999999943,1.228,1.171,-1.208,1.091
200.58,0.0,0.0,0.0999999999999943,1.228,1.171,-1.208,1.091
203.557,0.0,0.0,0.0999999999999943,1.228,1.171,-1.208,1.091
206.509,0.0,0.0,0.0999999999999943,1.228,1.171,-1.208,1.126
207.997,0.0,0.0,0.0999999999999943,1.228,1.171,-1.208,1.126
211.468,0.0,0.0,0.0999999999999943,1.228,1.171,-1.208,1.126
212.981,0.0,0.0,0.0999999999999943,1.228,1.171,-1.208,1.126
214.469,0.0,0.0,0.0999999999999943,1.228,1.171,-1.208,0.88
215.956,0.0,0.0,0.0999999999999943,1.228,1.171,-1.208,0.88
217.447,0.0,0.0,0.0999999999999943,1.228,1.171,-1.208,0.88
220.42,0.0,0.0,0.0999999999999943,1.228,1.171,-1.208,0.88
221.909,0.0,0.0,0.0999999999999943,1.228,1.171,-1.208,1.091
223.398,0.0,0.0,0.0999999999999943,1.228,1.171,-1.208,1.091
224.884,0.0,0.0,0.0999999999999943,1.228,1.171,-1.208,1.091
226.375,0.0,0.0,0.0999999999999943,1.228,1.171,-1.208,1.091
228.832,0.0,0.0,0.0999999999999943,1.228,1.171,-1.208,1.091
231.837,0.0,0.0,0.0999999999999943,1.228,1.171,-1.208,1.091
233.325,0.0,0.0,0.0999999999999943,1.228,1.171,-1.208,1.126
236.295,0.0,0.0,0.0999999999999943,1.228,1.171,-1.208,1.126
238.772,0.0,0.0,0.0999999999999943,1.228,1.171,-1.208,1.126
240.237,0.0,0.0,0.0999999999999943,1.228,1.171,-1.208,1.126
242.244,0.0,0.0,0.0999999999999943,1.228,1.171,-1.208,1.021
245.197,0.0,0.0,0.0999999999999943,1.228,1.171,-1.208,1.021
248.175,0.0,0.0,0.0999999999999943,1.228,1.171,-1.208,1.021
251.152,0.0,0.0,0.0999999999999943,1.228,1.171,-1.208,1.021
253.91000000000005,0.0,0.0,0.0999999999999943,1.228,1.171,-1.208,1.021
257.002,0.0,0.0,0.0999999999999943,1.228,1.171,-1.208,1.021
259.47900000000004,0.0,0.0,0.0999999999999943,1.228,1.171,-1.208,1.021
263.444,0.0,0.0,0.0999999999999943,1.228,1.171,-1.208,1.021
265.425,0.0,0.0,0.0999999999999943,1.228,1.171,-1.208,1.021
267.457,0.0,0.0,0.0999999999999943,1.228,1.171,-1.208,1.091
269.392,0.0,0.0,0.0999999999999943,1.228,1.171,-1.208,1.091
270.916,0.0,0.0,0.0999999999999943,1.228,1.171,-1.208,1.091
272.897,0.0,0.0,0.0999999999999943,1.228,1.171,-1.208,1.091
276.845,0.0,0.0,0.0999999999999943,1.228,1.171,-1.208,1.091
278.83000000000004,0.0,0.0,0.0999999999999943,1.228,1.171,-1.208,1.021
281.807,0.0,0.0,0.0999999999999943,1.228,1.171,-1.208,1.021
283.294,0.0,0.0,0.0999999999999943,1.228,1.171,-1.208,1.021
286.767,0.0,0.0,0.0999999999999943,1.228,1.171,-1.208,1.021
288.255,0.0,0.0,0.0999999999999943,1.228,1.171,-1.208,1.126
292.719,0.0,0.0,0.0999999999999943,1.228,1.171,-1.208,1.126
295.699,0.0,0.0,0.0999999999999943,1.228,1.171,-1.208,1.126
298.18,0.0,0.0,0.0999999999999943,1.228,1.171,-1.208,1.091
300.656,0.0,0.0,0.0999999999999943,1.228,1.171,-1.208,1.091
302.639,0.0,0.0,0.0999999999999943,1.228,1.171,-1.208,1.091
304.18600000000004,0.0,0.0,0.0999999999999943,1.228,1.171,-1.208,1.091
306.702,0.0,0.0,0.0999999999999943,1.228,1.171,-1.208,1.056
308.216,0.0,0.0,0.0999999999999943,1.228,1.171,-1.208,1.056
310.697,0.0,0.0,0.0999999999999943,1.228,1.171,-1.208,1.056
313.653,0.0,0.0,0.0999999999999943,1.228,1.171,-1.208,1.056
315.14300000000003,0.0,0.0,0.0999999999999943,1.228,1.171,-1.208,0.985
316.624,0.0,0.0,0.0999999999999943,1.228,1.171,-1.208,0.985
319.62800000000004,0.0,0.0,0.0999999999999943,1.228,1.171,-1.208,0.985
321.111,0.0,0.0,0.0999999999999943,1.228,1.171,-1.208,0.985
324.092,0.0,0.0,0.0999999999999943,1.228,1.171,-1.208,1.056
325.764,0.0,0.0,0.0999999999999943,1.228,1.171,-1.208,1.056
328.733,0.0,0.0,0.0999999999999943,1.228,1.171,-1.208,1.056
331.223,0.0,0.0,0.0999999999999943,1.228,1.171,-1.208,1.126
334.19,0.0,0.0,0.0999999999999943,1.228,1.171,-1.208,1.126
335.709,0.0,0.0,0.0999999999999943,1.228,1.171,-1.208,1.126
337.781,0.0,0.0,0.0999999999999943,1.228,1.171,-1.208,1.126
339.208,0.0,0.0,0.0999999999999943,1.228,1.171,-1.208,1.126
342.125,0.0,0.0,0.0999999999999943,1.228,1.171,-1.208,1.126
343.63899999999995,0.0,0.0,0.0999999999999943,1.228,1.171,-1.208,1.161
345.154,0.0,0.0,0.0999999999999943,1.228,1.171,-1.208,1.161
346.71200000000005,0.0,0.0,0.0999999999999943,1.228,1.171,-1.208,1.161
348.207,0.0,0.0,0.0999999999999943,1.228,1.171,-1.208,1.161
351.187,0.0,0.0,0.0999999999999943,1.228,1.171,-1.208,1.02
352.675,0.0,0.0,0.0999999999999943,1.228,1.171,-1.208,1.02
354.159,0.0,0.0,0.0999999999999943,1.228,1.171,-1.208,1.02
355.65200000000004,0.0,0.0,0.0999999999999943,1.228,1.171,-1.208,1.02
358.657,0.0,0.0,0.0999999999999943,1.228,1.171,-1.208,1.02
360.379,0.0,0.0,0.0999999999999943,1.228,1.171,-1.208,1.021
361.868,0.0,0.0,0.0999999999999943,1.228,1.171,-1.208,1.021
363.378,0.0,0.0,0.0999999999999943,1.228,1.171,-1.208,1.021
364.87,0.0,0.0,0.0999999999999943,1.228,1.171,-1.208,1.021
369.334,0.0,0.0,0.0999999999999943,1.228,1.171,-1.208,1.197
370.871,0.0,0.0,0.0999999999999943,1.228,1.171,-1.208,1.197
372.358,0.0,0.0,0.0999999999999943,1.228,1.171,-1.208,1.197
375.285,0.0,0.0,0.0999999999999943,1.228,1.171,-1.208,1.197
376.791,0.0,0.0,0.0999999999999943,1.228,1.171,-1.208,1.056
378.282,0.0,0.0,0.0999999999999943,1.228,1.171,-1.208,1.056
379.77,0.0,0.0,0.0999999999999943,1.228,1.171,-1.208,1.056
382.779,0.0,0.0,0.0999999999999943,1.228,1.171,-1.208,1.056
385.75,0.0,0.0,0.0999999999999943,1.228,1.171,-1.208,0.986
387.399,0.0,0.0,0.0999999999999943,1.228,1.171,-1.208,0.986
388.885,0.0,0.0,0.0999999999999943,1.228,1.171,-1.208,0.986
391.397,0.0,0.0,0.0999999999999943,1.228,1.171,-1.208,0.986
392.829,0.0,0.0,0.0999999999999943,1.228,1.171,-1.208,1.127
394.317,0.0,0.0,0.0999999999999943,1.228,1.171,-1.208,1.127
397.319,0.0,0.0,0.0999999999999943,1.228,1.171,-1.208,1.127
400.026,0.0,0.0,0.0999999999999943,1.228,1.171,-1.208,1.127
402.465,0.0,0.0,0.0999999999999943,1.228,1.171,-1.208,1.091
404.48,0.0,0.0,0.0999999999999943,1.228,1.171,-1.208,1.091
407.423,0.0,0.0,0.0999999999999943,1.228,1.171,-1.208,1.091
408.911,0.0,0.0,0.0999999999999943,1.228,1.171,-1.208,1.091
411.646,0.0,0.0,0.0999999999999943,1.228,1.171,-1.208,0.704
413.12,0.0,0.0,0.0999999999999943,1.228,1.171,-1.208,0.704
416.09,0.0,0.0,0.0999999999999943,1.228,1.171,-1.208,0.704
417.583,0.0,0.0,0.0999999999999943,1.228,1.171,-1.208,0.704
419.078,0.0,0.0,0.0999999999999943,1.228,1.171,-1.208,0.634
420.561,0.0,0.0,0.0999999999999943,1.228,1.171,-1.208,0.634
422.073,0.0,0.0,0.0999999999999943,1.228,1.171,-1.208,0.634
423.561,0.0,0.0,0.0999999999999943,1.228,1.171,-1.208,0.634
426.542,0.0,0.0,0.0999999999999943,1.228,1.171,-1.208,0.634
428.03,0.0999999999999943,0.1999999999999318,-0.2999999999999829,1.228,1.172,-1.207,0.739
429.951,0.0999999999999943,0.1999999999999318,-0.2999999999999829,1.228,1.172,-1.207,0.739
431.452,0.0999999999999943,0.1999999999999318,-0.2999999999999829,1.228,1.172,-1.207,0.739
434.396,0.0999999999999943,0.1999999999999318,-0.2999999999999829,1.228,1.172,-1.207,0.739
436.873,0.0999999999999943,0.6000000000000227,-1.0,1.23,1.172,-1.207,0.81
438.374,0.0999999999999943,0.6000000000000227,-1.0,1.23,1.172,-1.207,0.81
440.344,0.0999999999999943,0.6000000000000227,-1.0,1.23,1.172,-1.207,0.81
443.383,0.0999999999999943,0.6000000000000227,-1.0,1.23,1.172,-1.207,0.81
446.306,0.0999999999999943,0.8999999999999773,-1.799999999999983,1.229,1.172,-1.207,1.197
447.794,0.0999999999999943,0.8999999999999773,-1.799999999999983,1.229,1.172,-1.207,1.197
450.77,0.0999999999999943,0.8999999999999773,-1.799999999999983,1.229,1.172,-1.207,1.197
453.596,0.0999999999999943,0.8999999999999773,-1.799999999999983,1.229,1.172,-1.207,1.197
455.08,0.0999999999999943,0.6000000000000227,-2.0,1.229,1.172,-1.207,1.056
456.568,0.0999999999999943,0.6000000000000227,-2.0,1.229,1.172,-1.207,1.056
457.96,0.0999999999999943,0.6000000000000227,-2.0,1.229,1.172,-1.207,1.056
459.454,0.0999999999999943,0.6000000000000227,-2.0,1.229,1.172,-1.207,1.056
461.091,0.0999999999999943,0.6000000000000227,-2.0,1.229,1.172,-1.207,1.056
462.584,0.0999999999999943,0.6000000000000227,-2.0,1.229,1.172,-1.207,1.056
464.074,0.0999999999999943,0.1999999999999318,-2.299999999999983,1.229,1.172,-1.207,0.81
466.665,0.0999999999999943,0.1999999999999318,-2.299999999999983,1.229,1.172,-1.207,0.81
468.147,0.0999999999999943,0.1999999999999318,-2.299999999999983,1.229,1.172,-1.207,0.81
471.621,0.0999999999999943,0.1999999999999318,-2.299999999999983,1.229,1.172,-1.207,0.81
473.175,0.0999999999999943,0.1999999999999318,-2.299999999999983,1.229,1.172,-1.207,0.81
475.092,0.0999999999999943,0.6000000000000227,-2.799999999999983,1.229,1.172,-1.207,0.95
477.167,0.0999999999999943,0.6000000000000227,-2.799999999999983,1.229,1.172,-1.207,0.95
478.658,0.0999999999999943,0.6000000000000227,-2.799999999999983,1.229,1.172,-1.207,0.95
481.65400000000005,0.0999999999999943,0.6000000000000227,-2.799999999999983,1.229,1.172,-1.207,0.95
483.143,0.200000000000017,1.1000000000000227,-3.6999999999999886,1.23,1.174,-1.205,1.302
484.614,0.200000000000017,1.1000000000000227,-3.6999999999999886,1.23,1.174,-1.205,1.302
486.098,0.200000000000017,1.1000000000000227,-3.6999999999999886,1.23,1.174,-1.205,1.302
487.586,0.200000000000017,1.1000000000000227,-3.6999999999999886,1.23,1.174,-1.205,1.302
490.562,0.200000000000017,1.1000000000000227,-3.6999999999999886,1.23,1.174,-1.205,1.302
493.538,0.200000000000017,1.3999999999999773,-4.199999999999989,1.231,1.174,-1.205,1.407
495.031,0.200000000000017,1.3999999999999773,-4.199999999999989,1.231,1.174,-1.205,1.407
496.514,0.200000000000017,1.3999999999999773,-4.199999999999989,1.231,1.174,-1.205,1.407
498.002,0.200000000000017,1.3999999999999773,-4.199999999999989,1.231,1.174,-1.205,1.407
500.982,0.200000000000017,1.3999999999999773,-4.199999999999989,1.231,1.174,-1.205,1.407
504.94700000000006,0.200000000000017,1.3999999999999773,-4.199999999999989,1.231,1.174,-1.205,1.408
506.467,0.200000000000017,1.3999999999999773,-4.199999999999989,1.231,1.174,-1.205,1.408
509.631,0.200000000000017,1.3999999999999773,-4.199999999999989,1.231,1.174,-1.205,1.408
511.122,0.200000000000017,1.2999999999999543,-4.299999999999983,1.231,1.174,-1.205,1.373
514.104,0.200000000000017,1.2999999999999543,-4.299999999999983,1.231,1.174,-1.205,1.373
515.586,0.200000000000017,1.2999999999999543,-4.299999999999983,1.231,1.174,-1.205,1.373
517.0740000000001,0.200000000000017,1.2999999999999543,-4.299999999999983,1.231,1.174,-1.205,1.373
518.562,0.200000000000017,1.2999999999999543,-4.400000000000006,1.232,1.174,-1.205,1.408
521.543,0.200000000000017,1.2999999999999543,-4.400000000000006,1.232,1.174,-1.205,1.408
523.025,0.200000000000017,1.2999999999999543,-4.400000000000006,1.232,1.174,-1.205,1.408
526.008,0.200000000000017,1.2999999999999543,-4.400000000000006,1.232,1.174,-1.205,1.408
527.495,0.200000000000017,1.2999999999999543,-4.5,1.232,1.174,-1.205,1.514
530.466,0.200000000000017,1.2999999999999543,-4.5,1.232,1.174,-1.205,1.514
533.447,0.200000000000017,1.2999999999999543,-4.5,1.232,1.174,-1.205,1.514
534.9300000000001,0.3000000000000113,1.5,-4.799999999999983,1.232,1.175,-1.205,1.443
536.417,0.3000000000000113,1.5,-4.799999999999983,1.232,1.175,-1.205,1.443
539.891,0.3000000000000113,1.5,-4.799999999999983,1.232,1.175,-1.205,1.443
541.874,0.3000000000000113,1.5,-4.799999999999983,1.232,1.175,-1.205,1.443
543.8629999999999,0.3000000000000113,1.5,-4.799999999999983,1.232,1.175,-1.205,1.443
546.8340000000001,0.200000000000017,1.3999999999999773,-4.799999999999983,1.232,1.175,-1.205,1.69
551.304,0.200000000000017,1.3999999999999773,-4.799999999999983,1.232,1.175,-1.205,1.69
554.303,0.200000000000017,1.1999999999999318,-4.699999999999989,1.232,1.175,-1.205,1.443
555.855,0.200000000000017,1.1999999999999318,-4.699999999999989,1.232,1.175,-1.205,1.443
557.346,0.200000000000017,1.1999999999999318,-4.699999999999989,1.232,1.175,-1.205,1.443
558.8389999999999,0.200000000000017,1.1999999999999318,-4.699999999999989,1.232,1.175,-1.205,1.443
560.322,0.200000000000017,1.1999999999999318,-4.699999999999989,1.232,1.175,-1.205,1.443
561.8140000000001,0.200000000000017,1.1000000000000227,-4.5,1.232,1.175,-1.205,1.654
564.8,0.200000000000017,1.1000000000000227,-4.5,1.232,1.175,-1.205,1.654
566.283,0.200000000000017,1.1000000000000227,-4.5,1.232,1.175,-1.205,1.654
567.775,0.200000000000017,1.1000000000000227,-4.5,1.232,1.175,-1.205,1.654
569.259,0.200000000000017,0.8999999999999773,-4.299999999999983,1.232,1.174,-1.205,1.479
573.23,0.200000000000017,0.8999999999999773,-4.299999999999983,1.232,1.174,-1.205,1.479
575.211,0.200000000000017,0.8999999999999773,-4.299999999999983,1.232,1.174,-1.205,1.479
577.247,0.200000000000017,0.8999999999999773,-4.299999999999983,1.232,1.174,-1.205,1.479
578.7379999999999,0.200000000000017,0.8999999999999773,-4.299999999999983,1.232,1.174,-1.205,1.479
581.718,0.200000000000017,0.7999999999999545,-4.0,1.231,1.174,-1.206,1.479
583.202,0.200000000000017,0.7999999999999545,-4.0,1.231,1.174,-1.206,1.479
584.689,0.200000000000017,0.7999999999999545,-4.0,1.231,1.174,-1.206,1.479
587.6700000000001,0.200000000000017,0.7999999999999545,-4.0,1.231,1.174,-1.206,1.479
589.158,0.200000000000017,0.5,-3.6999999999999886,1.231,1.173,-1.206,1.478
592.134,0.200000000000017,0.5,-3.6999999999999886,1.231,1.173,-1.206,1.478
594.688,0.200000000000017,0.5,-3.6999999999999886,1.231,1.173,-1.206,1.478
596.17,0.200000000000017,0.5,-3.6999999999999886,1.231,1.173,-1.206,1.478
599.151,0.0999999999999943,0.2999999999999545,-2.9000000000000057,1.23,1.173,-1.206,1.337
600.846,0.0999999999999943,0.2999999999999545,-2.9000000000000057,1.23,1.173,-1.206,1.337
602.358,0.0999999999999943,0.2999999999999545,-2.9000000000000057,1.23,1.173,-1.206,1.337
605.34,0.0999999999999943,0.2999999999999545,-2.9000000000000057,1.23,1.173,-1.206,1.337
608.785,0.0999999999999943,0.0,-2.6999999999999886,1.23,1.173,-1.206,1.268
611.759,0.0999999999999943,0.0,-2.6999999999999886,1.23,1.173,-1.206,1.268
614.7470000000001,0.0999999999999943,0.0,-2.6999999999999886,1.23,1.173,-1.206,1.268
616.23,0.0999999999999943,-0.2000000000000454,-2.4000000000000057,1.23,1.173,-1.206,1.267
619.0949999999999,0.0999999999999943,-0.2000000000000454,-2.4000000000000057,1.23,1.173,-1.206,1.267
620.582,0.0999999999999943,-0.2000000000000454,-2.4000000000000057,1.23,1.173,-1.206,1.267
622.066,0.0999999999999943,-0.2000000000000454,-2.4000000000000057,1.23,1.173,-1.206,1.267
624.464,0.0999999999999943,-0.3000000000000682,-2.1999999999999886,1.23,1.173,-1.206,1.197
627.415,0.0999999999999943,-0.3000000000000682,-2.1999999999999886,1.23,1.173,-1.206,1.197
628.889,0.0999999999999943,-0.3000000000000682,-2.1999999999999886,1.23,1.173,-1.206,1.197
630.3539999999999,0.0999999999999943,-0.3000000000000682,-2.1999999999999886,1.23,1.173,-1.206,1.197
631.846,0.0999999999999943,-0.3999999999999772,-2.0999999999999943,1.23,1.173,-1.206,1.268
634.818,0.0999999999999943,-0.3999999999999772,-2.0999999999999943,1.23,1.173,-1.206,1.268
636.008,0.0999999999999943,-0.3999999999999772,-2.0999999999999943,1.23,1.173,-1.206,1.268
638.992,0.0999999999999943,-0.3999999999999772,-2.0999999999999943,1.23,1.173,-1.206,1.268
641.968,0.0999999999999943,-0.5,-1.9000000000000057,1.229,1.172,-1.207,1.162
643.451,0.0999999999999943,-0.5,-1.9000000000000057,1.229,1.172,-1.207,1.162
646.4309999999999,0.0999999999999943,-0.5,-1.9000000000000057,1.229,1.172,-1.207,1.162
648.4100000000001,0.0999999999999943,-0.5,-1.9000000000000057,1.229,1.172,-1.207,1.162
651.3910000000001,0.0999999999999943,-0.5,-1.9000000000000057,1.229,1.172,-1.207,1.162
652.8739999999999,0.0999999999999943,-0.6000000000000227,-1.799999999999983,1.229,1.172,-1.207,1.127
655.855,0.0999999999999943,-0.6000000000000227,-1.799999999999983,1.229,1.172,-1.207,1.127
657.343,0.0999999999999943,-0.6000000000000227,-1.799999999999983,1.229,1.172,-1.207,1.127
658.852,0.0999999999999943,-0.5,-1.9000000000000057,1.229,1.172,-1.207,1.056
660.332,0.0999999999999943,-0.5,-1.9000000000000057,1.229,1.172,-1.207,1.056
661.8199999999999,0.0999999999999943,-0.5,-1.9000000000000057,1.229,1.172,-1.207,1.056
664.512,0.0999999999999943,-0.5,-1.9000000000000057,1.229,1.172,-1.207,1.056
667.268,0.0999999999999943,-0.5,-1.9000000000000057,1.229,1.172,-1.207,1.056
668.7610000000001,0.0999999999999943,-0.5,-1.9000000000000057,1.229,1.172,-1.207,1.056
671.8340000000001,0.0999999999999943,-0.5,-1.9000000000000057,1.229,1.172,-1.207,1.056
673.322,0.0999999999999943,-0.5,-1.9000000000000057,1.229,1.172,-1.207,1.056
676.301,0.0999999999999943,-0.5,-1.9000000000000057,1.229,1.172,-1.207,1.056
678.308,0.0999999999999943,-0.5,-1.9000000000000057,1.229,1.172,-1.207,1.091
679.8290000000001,0.0999999999999943,-0.5,-1.9000000000000057,1.229,1.172,-1.207,1.091
681.817,0.0999999999999943,-0.5,-1.9000000000000057,1.229,1.172,-1.207,1.091
683.2669999999999,0.0999999999999943,-0.5,-1.9000000000000057,1.229,1.172,-1.207,1.091
686.2479999999999,0.0999999999999943,-0.5,-1.9000000000000057,1.229,1.172,-1.207,1.091
689.2239999999999,0.0999999999999943,-0.5,-1.9000000000000057,1.23,1.173,-1.207,1.056
690.7189999999999,0.0999999999999943,-0.5,-1.9000000000000057,1.23,1.173,-1.207,1.056
692.202,0.0999999999999943,-0.5,-1.9000000000000057,1.23,1.173,-1.207,1.056
695.184,0.0999999999999943,-0.3999999999999772,-2.0,1.23,1.173,-1.206,1.197
696.671,0.0999999999999943,-0.3999999999999772,-2.0,1.23,1.173,-1.206,1.197
699.6419999999999,0.0999999999999943,-0.3999999999999772,-2.0,1.23,1.173,-1.206,1.197
701.135,0.0999999999999943,-0.3999999999999772,-2.0,1.23,1.173,-1.206,1.197
702.6179999999999,0.0999999999999943,-0.3000000000000682,-2.0999999999999943,1.23,1.173,-1.206,1.197
705.6,0.0999999999999943,-0.3000000000000682,-2.0999999999999943,1.23,1.173,-1.206,1.197
707.0999999999999,0.0999999999999943,-0.3000000000000682,-2.0999999999999943,1.23,1.173,-1.206,1.197
708.5709999999999,0.0999999999999943,-0.3000000000000682,-2.0999999999999943,1.23,1.173,-1.206,1.197
711.5500000000001,0.0999999999999943,-0.2000000000000454,-2.0999999999999943,1.23,1.173,-1.206,1.126
713.597,0.0999999999999943,-0.2000000000000454,-2.0999999999999943,1.23,1.173,-1.206,1.126
715.063,0.0999999999999943,-0.2000000000000454,-2.0999999999999943,1.23,1.173,-1.206,1.126
717.996,0.0999999999999943,-0.2000000000000454,-2.0999999999999943,1.23,1.173,-1.206,1.126
719.579,0.0999999999999943,0.0,-2.0999999999999943,1.23,1.173,-1.206,1.162
721.0649999999999,0.0999999999999943,0.0,-2.0999999999999943,1.23,1.173,-1.206,1.162
722.549,0.0999999999999943,0.0,-2.0999999999999943,1.23,1.173,-1.206,1.162
724.0419999999999,0.0999999999999943,0.0,-2.0999999999999943,1.23,1.173,-1.206,1.162
725.525,0.0999999999999943,0.0,-2.0999999999999943,1.23,1.173,-1.206,1.162
728.501,0.0999999999999943,0.0,-2.0999999999999943,1.23,1.173,-1.206,1.162
729.989,0.0999999999999943,0.0,-2.0999999999999943,1.23,1.173,-1.206,1.197
731.481,0.0999999999999943,0.0,-2.0999999999999943,1.23,1.173,-1.206,1.197
732.9639999999999,0.0999999999999943,0.0,-2.0999999999999943,1.23,1.173,-1.206,1.197
734.453,0.0999999999999943,0.0,-2.0999999999999943,1.23,1.173,-1.206,1.197
737.433,0.0999999999999943,0.0,-2.0999999999999943,1.23,1.173,-1.206,1.197
738.919,0.0999999999999943,0.0,-2.0999999999999943,1.23,1.173,-1.206,1.197
740.41,0.0999999999999943,0.0,-2.0999999999999943,1.23,1.173,-1.206,1.197
744.384,0.0999999999999943,0.0,-2.0999999999999943,1.23,1.173,-1.206,1.197
746.3629999999999,0.0999999999999943,0.0,-2.0999999999999943,1.23,1.173,-1.206,1.197
747.932,0.0999999999999943,0.0,-2.0999999999999943,1.23,1.173,-1.206,1.126
750.8280000000001,0.0999999999999943,0.0,-2.0999999999999943,1.23,1.173,-1.206,1.126
752.3140000000001,0.0999999999999943,0.0,-2.0999999999999943,1.23,1.173,-1.206,1.126
755.294,0.0999999999999943,0.0,-2.0999999999999943,1.23,1.173,-1.206,1.126
758.267,0.0999999999999943,0.1000000000000227,-2.0999999999999943,1.23,1.173,-1.206,1.303
759.754,0.0999999999999943,0.1000000000000227,-2.0999999999999943,1.23,1.173,-1.206,1.303
761.242,0.0999999999999943,0.1000000000000227,-2.0999999999999943,1.23,1.173,-1.206,1.303
764.22,0.0999999999999943,0.1000000000000227,-2.0999999999999943,1.23,1.173,-1.206,1.303
765.7080000000001,0.0999999999999943,0.0,-2.0999999999999943,1.23,1.173,-1.206,1.197
767.2,0.0999999999999943,0.0,-2.0999999999999943,1.23,1.173,-1.206,1.197
768.689,0.0999999999999943,0.0,-2.0999999999999943,1.23,1.173,-1.206,1.197
771.66,0.0999999999999943,0.0,-2.0999999999999943,1.23,1.173,-1.206,1.197
774.668,0.0999999999999943,0.0,-2.0999999999999943,1.23,1.173,-1.206,1.197
776.124,0.0999999999999943,0.0,-2.0999999999999943,1.23,1.173,-1.206,1.197
777.6260000000001,0.0999999999999943,0.0,-2.0999999999999943,1.23,1.173,-1.206,1.197
779.6149999999999,0.0999999999999943,0.0,-2.0999999999999943,1.23,1.173,-1.206,1.197
781.8530000000001,0.0999999999999943,0.0,-2.0999999999999943,1.23,1.173,-1.206,1.162
784.576,0.0999999999999943,0.0,-2.0999999999999943,1.23,1.173,-1.206,1.162
786.064,0.0999999999999943,0.0,-2.0999999999999943,1.23,1.173,-1.206,1.162
787.5640000000001,0.0999999999999943,0.0,-2.0999999999999943,1.23,1.173,-1.206,1.162
789.052,0.0999999999999943,0.0,-2.0999999999999943,1.23,1.173,-1.206,1.162
792.023,0.0999999999999943,0.0,-2.0999999999999943,1.23,1.173,-1.206,1.091
793.511,0.0999999999999943,0.0,-2.0999999999999943,1.23,1.173,-1.206,1.091
794.999,0.0999999999999943,0.0,-2.0999999999999943,1.23,1.173,-1.206,1.091
797.975,0.0999999999999943,0.0,-2.0999999999999943,1.23,1.173,-1.206,1.091
800.9549999999999,0.0999999999999943,0.0,-2.0999999999999943,1.23,1.173,-1.206,1.091
802.443,0.0999999999999943,0.0,-2.0999999999999943,1.23,1.173,-1.206,1.091
805.419,0.0999999999999943,0.0,-2.0999999999999943,1.23,1.173,-1.206,1.091
806.907,0.0999999999999943,0.0,-2.0999999999999943,1.23,1.173,-1.206,1.162
808.391,0.0999999999999943,0.0,-2.0999999999999943,1.23,1.173,-1.206,1.162
809.879,0.0999999999999943,0.0,-2.0999999999999943,1.23,1.173,-1.206,1.162
813.8499999999999,0.0999999999999943,0.0,-2.0999999999999943,1.23,1.173,-1.206,1.162
816.3770000000001,0.0999999999999943,0.0,-2.0999999999999943,1.23,1.173,-1.206,1.232
818.311,0.0999999999999943,0.0,-2.0999999999999943,1.23,1.173,-1.206,1.232
819.7990000000001,0.0999999999999943,0.0,-2.0999999999999943,1.23,1.173,-1.206,1.232
821.287,0.0999999999999943,0.0,-2.0999999999999943,1.23,1.173,-1.206,1.232
824.2629999999999,0.0999999999999943,0.0,-2.0999999999999943,1.23,1.173,-1.206,1.232
825.751,0.0999999999999943,0.0,-2.0999999999999943,1.23,1.173,-1.206,1.267
827.2389999999999,0.0999999999999943,0.0,-2.0999999999999943,1.23,1.173,-1.206,1.267
828.732,0.0999999999999943,0.0,-2.0999999999999943,1.23,1.173,-1.206,1.267
830.215,0.0999999999999943,0.0,-2.0999999999999943,1.23,1.173,-1.206,1.267
831.7090000000001,0.0999999999999943,0.0,-2.0999999999999943,1.23,1.173,-1.206,1.267
834.684,0.0999999999999943,0.0,-2.0999999999999943,1.23,1.173,-1.206,1.197
837.6550000000001,0.0999999999999943,0.0,-2.0999999999999943,1.23,1.173,-1.206,1.197
839.148,0.0999999999999943,0.0,-2.0999999999999943,1.23,1.173,-1.206,1.197
842.1229999999999,0.0999999999999943,0.1000000000000227,-2.0999999999999943,1.23,1.173,-1.206,1.127
843.607,0.0999999999999943,0.1000000000000227,-2.0999999999999943,1.23,1.173,-1.206,1.127
845.112,0.0999999999999943,0.1000000000000227,-2.0999999999999943,1.23,1.173,-1.206,1.127
848.074,0.0999999999999943,0.1000000000000227,-2.0999999999999943,1.23,1.173,-1.206,1.127
851.544,0.0999999999999943,0.1000000000000227,-2.0999999999999943,1.23,1.173,-1.206,1.126
853.527,0.0999999999999943,0.1000000000000227,-2.0999999999999943,1.23,1.173,-1.206,1.126
855.015,0.0999999999999943,0.1000000000000227,-2.0999999999999943,1.23,1.173,-1.206,1.126
856.503,0.0999999999999943,0.1000000000000227,-2.0999999999999943,1.23,1.173,-1.206,1.126
857.991,0.0999999999999943,0.1000000000000227,-2.1999999999999886,1.23,1.173,-1.206,1.126
859.479,0.0999999999999943,0.1000000000000227,-2.1999999999999886,1.23,1.173,-1.206,1.126
860.9830000000001,0.0999999999999943,0.1000000000000227,-2.1999999999999886,1.23,1.173,-1.206,1.126
863.9599999999999,0.0999999999999943,0.1000000000000227,-2.1999999999999886,1.23,1.173,-1.206,1.126
865.453,0.0999999999999943,0.1000000000000227,-2.1999999999999886,1.23,1.173,-1.206,1.126
866.9670000000001,0.200000000000017,0.1000000000000227,-2.1999999999999886,1.23,1.173,-1.206,1.232
898.233,0.200000000000017,0.1000000000000227,-2.1999999999999886,1.23,1.173,-1.206,1.232
899.721,0.200000000000017,0.1000000000000227,-2.1999999999999886,1.23,1.173,-1.206,1.056
901.705,0.200000000000017,0.1000000000000227,-2.1999999999999886,1.23,1.173,-1.206,1.056
903.69,0.200000000000017,0.1000000000000227,-2.1999999999999886,1.23,1.173,-1.206,1.056
906.666,0.200000000000017,0.1000000000000227,-2.1999999999999886,1.23,1.173,-1.206,1.056
908.155,0.200000000000017,0.1000000000000227,-2.1999999999999886,1.23,1.173,-1.206,1.091
909.643,0.200000000000017,0.1000000000000227,-2.1999999999999886,1.23,1.173,-1.206,1.091
911.162,0.200000000000017,0.1000000000000227,-2.1999999999999886,1.23,1.173,-1.206,1.091
912.649,0.200000000000017,0.1000000000000227,-2.1999999999999886,1.23,1.173,-1.206,1.091
916.59,0.200000000000017,0.1000000000000227,-2.1999999999999886,1.23,1.173,-1.206,1.091
920.057,0.200000000000017,0.1000000000000227,-2.1999999999999886,1.23,1.173,-1.206,1.091
921.58,0.200000000000017,0.1000000000000227,-2.1999999999999886,1.23,1.173,-1.206,1.091
923.531,0.200000000000017,0.1000000000000227,-2.1999999999999886,1.23,1.173,-1.206,1.091
925.034,0.0999999999999943,0.1000000000000227,-2.1999999999999886,1.23,1.173,-1.206,1.197
927.054,0.0999999999999943,0.1000000000000227,-2.1999999999999886,1.23,1.173,-1.206,1.197
928.509,0.0999999999999943,0.1000000000000227,-2.1999999999999886,1.23,1.173,-1.206,1.197
931.038,0.0999999999999943,0.1000000000000227,-2.1999999999999886,1.23,1.173,-1.206,1.197
932.526,0.0999999999999943,0.1000000000000227,-2.1999999999999886,1.23,1.173,-1.206,1.197
934.014,0.0999999999999943,0.1000000000000227,-2.0999999999999943,1.23,1.173,-1.206,1.232
936.99,0.0999999999999943,0.1000000000000227,-2.0999999999999943,1.23,1.173,-1.206,1.232
938.478,0.0999999999999943,0.1000000000000227,-2.0999999999999943,1.23,1.173,-1.206,1.232
939.982,0.0999999999999943,0.1000000000000227,-2.0999999999999943,1.23,1.173,-1.206,1.232
941.458,0.0999999999999943,0.1000000000000227,-2.0999999999999943,1.23,1.173,-1.206,1.232
944.43,0.0999999999999943,-0.2000000000000454,-1.4000000000000057,1.229,1.172,-1.207,1.303
947.41,0.0999999999999943,-0.2000000000000454,-1.4000000000000057,1.229,1.172,-1.207,1.303
948.894,0.0999999999999943,-0.2000000000000454,-1.4000000000000057,1.229,1.172,-1.207,1.303
951.871,0.0999999999999943,-0.2000000000000454,-1.4000000000000057,1.229,1.172,-1.207,1.303
953.854,0.0999999999999943,-0.6000000000000227,-0.6999999999999886,1.228,1.172,-1.207,1.302
956.497,0.0999999999999943,-0.6000000000000227,-0.6999999999999886,1.228,1.172,-1.207,1.302
957.991,0.0999999999999943,-0.6000000000000227,-0.6999999999999886,1.228,1.172,-1.207,1.302
960.965,0.0999999999999943,-0.6000000000000227,-0.6999999999999886,1.228,1.172,-1.207,1.302
962.45,0.0,-1.6000000000000227,0.200000000000017,1.228,1.171,-1.208,1.267
963.94,0.0,-1.6000000000000227,0.200000000000017,1.228,1.171,-1.208,1.267
965.428,0.0,-1.6000000000000227,0.200000000000017,1.228,1.171,-1.208,1.267
966.95,0.0,-1.6000000000000227,0.200000000000017,1.228,1.171,-1.208,1.267
968.431,0.0,-1.6000000000000227,0.200000000000017,1.228,1.171,-1.208,1.267
971.414,0.0,-2.1000000000000227,1.5,1.226,1.17,-1.209,1.161
974.39,0.0,-2.1000000000000227,1.5,1.226,1.17,-1.209,1.161
975.874,0.0,-2.1000000000000227,1.5,1.226,1.17,-1.209,1.161
978.055,-0.0999999999999943,-2.6000000000000227,2.5999999999999943,1.225,1.169,-1.209,1.091
979.546,-0.0999999999999943,-2.6000000000000227,2.5999999999999943,1.225,1.169,-1.209,1.091
981.034,-0.0999999999999943,-2.6000000000000227,2.5999999999999943,1.225,1.169,-1.209,1.091
982.522,-0.0999999999999943,-2.6000000000000227,2.5999999999999943,1.225,1.169,-1.209,1.091
985.003,-0.0999999999999943,-2.6000000000000227,2.5999999999999943,1.225,1.169,-1.209,1.091
988.044,-0.0999999999999943,-2.8999999999999773,4.099999999999994,1.224,1.168,-1.21,0.845
990.028,-0.0999999999999943,-2.8999999999999773,4.099999999999994,1.224,1.168,-1.21,0.845
992.008,-0.0999999999999943,-2.8999999999999773,4.099999999999994,1.224,1.168,-1.21,0.845
994.921,-0.0999999999999943,-2.8999999999999773,4.099999999999994,1.224,1.168,-1.21,0.845
996.409,-0.0999999999999943,-3.0,5.5,1.224,1.168,-1.211,0.88
997.922,-0.0999999999999943,-3.0,5.5,1.224,1.168,-1.211,0.88
1000.874,-0.0999999999999943,-3.0,5.5,1.224,1.168,-1.211,0.88
1003.85,-0.0999999999999943,-3.0,5.5,1.224,1.168,-1.211,0.88
1005.342,-0.0999999999999943,-3.0,6.900000000000006,1.223,1.167,-1.211,0.774
1006.826,-0.0999999999999943,-3.0,6.900000000000006,1.223,1.167,-1.211,0.774
1009.806,-0.0999999999999943,-3.0,6.900000000000006,1.223,1.167,-1.211,0.774
1011.295,-0.0999999999999943,-3.0,6.900000000000006,1.223,1.167,-1.211,0.774
1014.2659999999998,-0.0999999999999943,-2.5,8.099999999999994,1.223,1.167,-1.211,0.809
1015.754,-0.0999999999999943,-2.5,8.099999999999994,1.223,1.167,-1.211,0.809
1017.241,-0.0999999999999943,-2.5,8.099999999999994,1.223,1.167,-1.211,0.809
1020.717,-0.0999999999999943,-2.5,8.099999999999994,1.223,1.167,-1.211,0.809
1022.699,0.0,-2.1000000000000227,9.099999999999994,1.223,1.167,-1.211,0.845
1024.186,0.0,-2.1000000000000227,9.099999999999994,1.223,1.167,-1.211,0.845
1025.7430000000002,0.0,-2.1000000000000227,9.099999999999994,1.223,1.167,-1.211,0.845
1027.221,0.0,-2.1000000000000227,9.099999999999994,1.223,1.167,-1.211,0.845
1030.138,0.0,-2.1000000000000227,9.099999999999994,1.223,1.167,-1.211,0.845
1033.118,0.0,-1.3999999999999773,9.599999999999994,1.223,1.167,-1.211,0.739
1034.505,0.0,-1.3999999999999773,9.599999999999994,1.223,1.167,-1.211,0.739
1035.995,0.0,-1.3999999999999773,9.599999999999994,1.223,1.167,-1.211,0.739
1038.976,0.0,-1.3999999999999773,9.599999999999994,1.223,1.167,-1.211,0.739
1040.726,0.0999999999999943,-0.8000000000000682,9.700000000000015,1.223,1.167,-1.211,0.634
1043.723,0.0999999999999943,-0.8000000000000682,9.700000000000015,1.223,1.167,-1.211,0.634
1045.207,0.0999999999999943,-0.8000000000000682,9.700000000000015,1.223,1.167,-1.211,0.634
1046.727,0.0999999999999943,-0.2000000000000454,9.300000000000011,1.223,1.167,-1.211,0.669
1048.2,0.0999999999999943,-0.2000000000000454,9.300000000000011,1.223,1.167,-1.211,0.669
1049.688,0.0999999999999943,-0.2000000000000454,9.300000000000011,1.223,1.167,-1.211,0.669
1051.178,0.0999999999999943,-0.2000000000000454,9.300000000000011,1.223,1.167,-1.211,0.669
1054.649,0.0999999999999943,-0.2000000000000454,9.300000000000011,1.223,1.167,-1.211,0.669
1056.136,0.200000000000017,0.2999999999999545,8.800000000000011,1.223,1.167,-1.211,0.739
1058.12,0.200000000000017,0.2999999999999545,8.800000000000011,1.223,1.167,-1.211,0.739
1059.437,0.200000000000017,0.2999999999999545,8.800000000000011,1.223,1.167,-1.211,0.739
1062.276,0.200000000000017,0.2999999999999545,8.800000000000011,1.223,1.167,-1.211,0.739
1063.833,0.200000000000017,0.2999999999999545,8.800000000000011,1.223,1.167,-1.211,0.739
1066.812,0.200000000000017,0.6000000000000227,8.300000000000011,1.223,1.167,-1.211,0.598
1068.3,0.200000000000017,0.6000000000000227,8.300000000000011,1.223,1.167,-1.211,0.598
1069.788,0.200000000000017,0.6000000000000227,8.300000000000011,1.223,1.167,-1.211,0.598
1072.764,0.200000000000017,0.6000000000000227,8.300000000000011,1.223,1.167,-1.211,0.598
1074.252,0.200000000000017,0.6000000000000227,7.5,1.223,1.167,-1.211,0.704
1077.232,0.200000000000017,0.6000000000000227,7.5,1.223,1.167,-1.211,0.704
1078.738,0.200000000000017,0.6000000000000227,7.5,1.223,1.167,-1.211,0.704
1080.23,0.200000000000017,0.6000000000000227,7.5,1.223,1.167,-1.211,0.704
1081.719,0.200000000000017,0.5,6.700000000000017,1.222,1.166,-1.211,0.528
1083.202,0.200000000000017,0.5,6.700000000000017,1.222,1.166,-1.211,0.528
1086.182,0.200000000000017,0.5,6.700000000000017,1.222,1.166,-1.211,0.528
1088.665,0.200000000000017,0.5,6.700000000000017,1.222,1.166,-1.211,0.528
1092.173,0.0999999999999943,0.1000000000000227,6.099999999999994,1.221,1.166,-1.212,0.598
1093.6509999999998,0.0999999999999943,0.1000000000000227,6.099999999999994,1.221,1.166,-1.212,0.598
1095.106,0.0999999999999943,0.1000000000000227,6.099999999999994,1.221,1.166,-1.212,0.598
1098.082,0.0999999999999943,0.1000000000000227,6.099999999999994,1.221,1.166,-1.212,0.598
1099.57,0.0999999999999943,-0.7000000000000455,6.0,1.22,1.165,-1.214,0.775
1101.058,0.0999999999999943,-0.7000000000000455,6.0,1.22,1.165,-1.214,0.775
1102.546,0.0999999999999943,-0.7000000000000455,6.0,1.22,1.165,-1.214,0.775
1104.034,0.0999999999999943,-0.7000000000000455,6.0,1.22,1.165,-1.214,0.775
1105.522,0.0999999999999943,-0.7000000000000455,6.0,1.22,1.165,-1.214,0.775
1108.498,0.0999999999999943,-0.7000000000000455,6.0,1.22,1.165,-1.214,0.775
1109.99,0.0,-1.7000000000000457,6.300000000000011,1.219,1.163,-1.214,0.739
1111.4740000000002,0.0,-1.7000000000000457,6.300000000000011,1.219,1.163,-1.214,0.739
1112.966,0.0,-1.7000000000000457,6.300000000000011,1.219,1.163,-1.214,0.739
1115.938,0.0,-1.7000000000000457,6.300000000000011,1.219,1.163,-1.214,0.739
1117.431,-0.0999999999999943,-2.1000000000000227,6.300000000000011,1.218,1.163,-1.214,0.633
1118.914,-0.0999999999999943,-2.1000000000000227,6.300000000000011,1.218,1.163,-1.214,0.633
1120.4019999999998,-0.0999999999999943,-2.1000000000000227,6.300000000000011,1.218,1.163,-1.214,0.633
1123.874,-0.0999999999999943,-2.1000000000000227,6.300000000000011,1.218,1.163,-1.214,0.633
1125.902,-0.0999999999999943,-2.1000000000000227,6.300000000000011,1.218,1.163,-1.214,0.633
1127.8429999999998,0.0,-2.1000000000000227,6.400000000000006,1.218,1.163,-1.214,0.669
1129.33,0.0,-2.1000000000000227,6.400000000000006,1.218,1.163,-1.214,0.669
1132.328,0.0,-2.1000000000000227,6.400000000000006,1.218,1.163,-1.214,0.669
1133.794,0.0,-2.1000000000000227,6.400000000000006,1.218,1.163,-1.214,0.669
1135.287,0.0,-1.5,5.800000000000011,1.22,1.164,-1.213,0.774
1136.775,0.0,-1.5,5.800000000000011,1.22,1.164,-1.213,0.774
1139.746,0.0,-1.5,5.800000000000011,1.22,1.164,-1.213,0.774
1141.238,0.0,-1.5,5.800000000000011,1.22,1.164,-1.213,0.774
1144.21,0.0,-1.5,5.800000000000011,1.22,1.164,-1.213,0.774
1147.186,0.0999999999999943,-0.8999999999999773,5.900000000000006,1.22,1.164,-1.213,0.88
1148.679,0.0999999999999943,-0.8999999999999773,5.900000000000006,1.22,1.164,-1.213,0.88
1150.1619999999998,0.0999999999999943,-0.8999999999999773,5.900000000000006,1.22,1.164,-1.213,0.88
1151.65,0.0999999999999943,-0.5,6.200000000000017,1.22,1.164,-1.213,0.774
1154.63,0.0999999999999943,-0.5,6.200000000000017,1.22,1.164,-1.213,0.774
1156.118,0.0999999999999943,-0.5,6.200000000000017,1.22,1.164,-1.213,0.774
1158.598,0.0999999999999943,-0.5,6.200000000000017,1.22,1.164,-1.213,0.774
1160.083,0.0999999999999943,-0.5,6.200000000000017,1.22,1.164,-1.213,0.774
1162.771,0.0999999999999943,-0.5,6.400000000000006,1.219,1.164,-1.213,0.845
1164.267,0.0999999999999943,-0.5,6.400000000000006,1.219,1.164,-1.213,0.845
1167.236,0.0999999999999943,-0.5,6.400000000000006,1.219,1.164,-1.213,0.845
1168.577,0.0999999999999943,-0.5,6.400000000000006,1.219,1.164,-1.213,0.845
1170.07,0.0999999999999943,-0.5,6.400000000000006,1.219,1.163,-1.214,0.669
1171.564,0.0999999999999943,-0.5,6.400000000000006,1.219,1.163,-1.214,0.669
1174.534,0.0999999999999943,-0.5,6.400000000000006,1.219,1.163,-1.214,0.669
1177.51,0.0999999999999943,-0.5,6.400000000000006,1.219,1.163,-1.214,0.669
1179.0179999999998,0.0999999999999943,-0.3000000000000682,6.099999999999994,1.219,1.163,-1.214,0.493
1180.501,0.0999999999999943,-0.3000000000000682,6.099999999999994,1.219,1.163,-1.214,0.493
1181.992,0.0999999999999943,-0.3000000000000682,6.099999999999994,1.219,1.163,-1.214,0.493
1184.975,0.0999999999999943,-0.3000000000000682,6.099999999999994,1.219,1.163,-1.214,0.493
1186.4589999999998,0.0999999999999943,-0.3000000000000682,6.099999999999994,1.219,1.163,-1.214,0.493
1187.947,0.200000000000017,0.0,5.300000000000011,1.219,1.164,-1.213,0.634
1189.435,0.200000000000017,0.0,5.300000000000011,1.219,1.164,-1.213,0.634
1191.421,0.200000000000017,0.0,5.300000000000011,1.219,1.164,-1.213,0.634
1193.901,0.200000000000017,0.0,5.300000000000011,1.219,1.164,-1.213,0.634
1195.387,0.200000000000017,0.0,5.300000000000011,1.219,1.164,-1.213,0.634
1196.925,0.200000000000017,0.1999999999999318,5.099999999999994,1.219,1.164,-1.214,0.704
1198.363,0.200000000000017,0.1999999999999318,5.099999999999994,1.219,1.164,-1.214,0.704
1199.8549999999998,0.200000000000017,0.1999999999999318,5.099999999999994,1.219,1.164,-1.214,0.704
1202.831,0.200000000000017,0.1999999999999318,5.099999999999994,1.219,1.164,-1.214,0.704
1204.327,0.200000000000017,0.1999999999999318,5.099999999999994,1.219,1.164,-1.214,0.704
1205.803,0.0999999999999943,0.0,5.200000000000017,1.218,1.162,-1.215,0.845
1207.291,0.0999999999999943,0.0,5.200000000000017,1.218,1.162,-1.215,0.845
1210.267,0.0999999999999943,0.0,5.200000000000017,1.218,1.162,-1.215,0.845
1211.76,0.0999999999999943,0.0,5.200000000000017,1.218,1.162,-1.215,0.845
1213.2430000000002,0.0,-0.3999999999999772,5.700000000000017,1.217,1.161,-1.215,0.739
1214.731,0.0,-0.3999999999999772,5.700000000000017,1.217,1.161,-1.215,0.739
1216.219,0.0,-0.3999999999999772,5.700000000000017,1.217,1.161,-1.215,0.739
1219.195,0.0,-0.3999999999999772,5.700000000000017,1.217,1.161,-1.215,0.739
1220.683,0.0,-0.3999999999999772,5.700000000000017,1.217,1.161,-1.215,0.739
1222.175,-0.0999999999999943,-0.6000000000000227,6.0,1.216,1.161,-1.216,0.669
1223.659,-0.0999999999999943,-0.6000000000000227,6.0,1.216,1.161,-1.216,0.669
1226.639,-0.0999999999999943,-0.6000000000000227,6.0,1.216,1.161,-1.216,0.669
1228.619,-0.0999999999999943,-0.6000000000000227,6.0,1.216,1.161,-1.216,0.669
1230.107,-0.0999999999999943,-0.6000000000000227,6.0,1.216,1.161,-1.216,0.669
1231.455,-0.1999999999999886,-0.5,5.900000000000006,1.217,1.161,-1.215,0.563
1232.947,-0.1999999999999886,-0.5,5.900000000000006,1.217,1.161,-1.215,0.563
1235.963,-0.1999999999999886,-0.5,5.900000000000006,1.217,1.161,-1.215,0.563
1237.455,-0.1999999999999886,-0.5,5.900000000000006,1.217,1.161,-1.215,0.563
1238.943,-0.1999999999999886,-0.5,5.900000000000006,1.217,1.161,-1.215,0.563
1240.427,-0.1999999999999886,0.0,5.0,1.218,1.162,-1.215,0.634
1243.403,-0.1999999999999886,0.0,5.0,1.218,1.162,-1.215,0.634
1244.895,-0.1999999999999886,0.0,5.0,1.218,1.162,-1.215,0.634
1247.867,-0.1999999999999886,0.0,5.0,1.218,1.162,-1.215,0.634
1249.354,-0.0999999999999943,0.3999999999999772,4.900000000000006,1.218,1.162,-1.215,0.81
1250.842,-0.0999999999999943,0.3999999999999772,4.900000000000006,1.218,1.162,-1.215,0.81
1253.517,-0.0999999999999943,0.3999999999999772,4.900000000000006,1.218,1.162,-1.215,0.81
1255.147,-0.0999999999999943,0.3999999999999772,4.900000000000006,1.218,1.162,-1.215,0.81
1257.826,-0.0999999999999943,-0.1000000000000227,5.200000000000017,1.217,1.161,-1.215,0.704
1262.635,-0.0999999999999943,-0.1000000000000227,5.200000000000017,1.217,1.161,-1.215,0.704
1265.287,-0.0999999999999943,-0.1000000000000227,5.200000000000017,1.217,1.161,-1.215,0.704
1266.774,0.0,-0.5,5.599999999999994,1.216,1.161,-1.216,0.739
1268.451,0.0,-0.5,5.599999999999994,1.216,1.161,-1.216,0.739
1269.946,0.0,-0.5,5.599999999999994,1.216,1.161,-1.216,0.739
1272.922,0.0,-0.5,5.599999999999994,1.216,1.161,-1.216,0.739
1274.414,0.0,-0.3999999999999772,5.599999999999994,1.216,1.16,-1.216,0.634
1275.898,0.0,-0.3999999999999772,5.599999999999994,1.216,1.16,-1.216,0.634
1277.386,0.0,-0.3999999999999772,5.599999999999994,1.216,1.16,-1.216,0.634
1280.381,0.0,-0.3999999999999772,5.599999999999994,1.216,1.16,-1.216,0.634
1281.869,0.0,-0.3999999999999772,5.599999999999994,1.216,1.16,-1.216,0.634
1284.841,0.0,-0.2000000000000454,5.300000000000011,1.216,1.161,-1.216,0.739
1286.329,0.0,-0.2000000000000454,5.300000000000011,1.216,1.161,-1.216,0.739
1287.821,0.0,-0.2000000000000454,5.300000000000011,1.216,1.161,-1.216,0.739
1290.793,0.0,-0.2000000000000454,5.300000000000011,1.216,1.161,-1.216,0.739
1292.286,0.0,0.1000000000000227,4.900000000000006,1.216,1.161,-1.215,0.704
1294.2720000000002,0.0,0.1000000000000227,4.900000000000006,1.216,1.161,-1.215,0.704
1296.746,0.0,0.1000000000000227,4.900000000000006,1.216,1.161,-1.215,0.704
1298.7340000000002,0.0,0.1000000000000227,4.900000000000006,1.216,1.161,-1.215,0.704
1300.346,0.0,0.1000000000000227,4.900000000000006,1.216,1.161,-1.215,0.704
1302.872,0.0,0.2999999999999545,4.800000000000011,1.217,1.161,-1.215,0.775
1304.362,0.0,0.2999999999999545,4.800000000000011,1.217,1.161,-1.215,0.775
1307.342,0.0,0.2999999999999545,4.800000000000011,1.217,1.161,-1.215,0.775
1308.842,0.0,0.2999999999999545,4.800000000000011,1.217,1.161,-1.215,0.775
1311.806,0.0,0.1999999999999318,4.900000000000006,1.216,1.16,-1.216,0.845
1314.78,0.0,0.1999999999999318,4.900000000000006,1.216,1.16,-1.216,0.845
1316.271,0.0,0.1999999999999318,4.900000000000006,1.216,1.16,-1.216,0.845
1319.247,0.0,-0.1000000000000227,5.200000000000017,1.216,1.16,-1.216,0.634
1322.223,0.0,-0.1000000000000227,5.200000000000017,1.216,1.16,-1.216,0.634
1323.715,0.0,-0.1000000000000227,5.200000000000017,1.216,1.16,-1.216,0.634
1325.199,0.0,-0.1000000000000227,5.200000000000017,1.216,1.16,-1.216,0.634
1326.692,0.0,0.0,5.200000000000017,1.215,1.16,-1.216,0.493
1330.159,0.0,0.0,5.200000000000017,1.215,1.16,-1.216,0.493
1331.687,0.0,0.0,5.200000000000017,1.215,1.16,-1.216,0.493
1333.631,0.0,0.0,5.200000000000017,1.215,1.16,-1.216,0.493
1336.63,0.0,0.0,5.200000000000017,1.215,1.16,-1.216,0.493
1338.1080000000002,0.0,0.1000000000000227,4.900000000000006,1.216,1.161,-1.216,0.704
1341.071,0.0,0.1000000000000227,4.900000000000006,1.216,1.161,-1.216,0.704
1344.052,0.0,0.1000000000000227,4.900000000000006,1.216,1.161,-1.216,0.704
1345.539,0.0,0.3999999999999772,4.5,1.216,1.161,-1.216,0.774
1347.023,0.0,0.3999999999999772,4.5,1.216,1.161,-1.216,0.774
1348.534,0.0,0.3999999999999772,4.5,1.216,1.161,-1.216,0.774
1351.5269999999998,0.0,0.3999999999999772,4.5,1.216,1.161,-1.216,0.774
1353.015,0.0,0.2999999999999545,4.5,1.216,1.161,-1.216,0.774
1354.503,0.0,0.2999999999999545,4.5,1.216,1.161,-1.216,0.774
1355.995,0.0,0.2999999999999545,4.5,1.216,1.161,-1.216,0.774
1358.967,0.0,0.2999999999999545,4.5,1.216,1.161,-1.216,0.774
1361.947,0.0,0.2999999999999545,4.5,1.216,1.161,-1.216,0.774
1363.939,0.0,0.1000000000000227,4.599999999999994,1.215,1.16,-1.216,0.81
1367.408,0.0,0.1000000000000227,4.599999999999994,1.215,1.16,-1.216,0.81
1370.4209999999998,0.0,0.1000000000000227,4.599999999999994,1.215,1.16,-1.216,0.81
1373.282,0.0,0.0,4.700000000000017,1.215,1.16,-1.216,0.704
1374.925,0.0,0.0,4.700000000000017,1.215,1.16,-1.216,0.704
1376.413,0.0,0.0,4.700000000000017,1.215,1.16,-1.216,0.704
1378.578,0.0,0.0,4.700000000000017,1.215,1.16,-1.216,0.704
1380.07,0.0,0.0,4.700000000000017,1.215,1.16,-1.216,0.634
1381.5839999999998,0.0,0.0,4.700000000000017,1.215,1.16,-1.216,0.634
1383.0990000000002,0.0,0.0,4.700000000000017,1.215,1.16,-1.216,0.634
1384.5890000000002,0.0,0.0,4.700000000000017,1.215,1.16,-1.216,0.634
1386.05,0.0,0.0,4.700000000000017,1.215,1.16,-1.216,0.634
1389.031,0.0,0.0,4.5,1.215,1.16,-1.216,0.81
1390.531,0.0,0.0,4.5,1.215,1.16,-1.216,0.81
1392.002,0.0,0.0,4.5,1.215,1.16,-1.216,0.81
1393.495,0.0,0.0,4.5,1.215,1.16,-1.216,0.81
1396.967,0.0,0.0,4.5,1.215,1.16,-1.216,0.81
1399.443,0.0,0.1000000000000227,4.300000000000011,1.215,1.16,-1.216,0.669
1401.455,0.0,0.1000000000000227,4.300000000000011,1.215,1.16,-1.216,0.669
1402.936,0.0,0.1000000000000227,4.300000000000011,1.215,1.16,-1.216,0.669
1405.933,0.0,0.1000000000000227,4.300000000000011,1.215,1.16,-1.216,0.669
1407.421,0.0,0.1000000000000227,4.300000000000011,1.215,1.16,-1.216,0.775
1408.904,0.0,0.1000000000000227,4.300000000000011,1.215,1.16,-1.216,0.775
1411.885,0.0,0.1000000000000227,4.300000000000011,1.215,1.16,-1.216,0.775
1413.373,0.0,0.1000000000000227,4.300000000000011,1.215,1.16,-1.216,0.775
1414.856,0.0,0.1000000000000227,4.400000000000006,1.215,1.16,-1.216,0.775
1416.361,0.0,0.1000000000000227,4.400000000000006,1.215,1.16,-1.216,0.775
1419.325,0.0,0.1000000000000227,4.400000000000006,1.215,1.16,-1.216,0.775
1420.808,0.0,0.1000000000000227,4.400000000000006,1.215,1.16,-1.216,0.775
1422.296,0.0,0.1000000000000227,4.400000000000006,1.215,1.16,-1.216,0.775
1423.784,0.0,0.1000000000000227,4.200000000000017,1.215,1.16,-1.216,0.669
1426.764,0.0,0.1000000000000227,4.200000000000017,1.215,1.16,-1.216,0.669
1428.249,0.0,0.1000000000000227,4.200000000000017,1.215,1.16,-1.216,0.669
1429.736,0.0,0.1000000000000227,4.200000000000017,1.215,1.16,-1.216,0.669
1431.725,0.0,0.1000000000000227,4.200000000000017,1.215,1.16,-1.216,0.669
1435.539,0.0,0.1999999999999318,4.099999999999994,1.215,1.16,-1.216,0.668
1438.753,0.0,0.1999999999999318,4.099999999999994,1.215,1.16,-1.216,0.668
1440.318,0.0,0.1999999999999318,4.099999999999994,1.215,1.16,-1.216,0.668
1442.7779999999998,0.0,0.1000000000000227,4.099999999999994,1.215,1.16,-1.216,0.774
1445.748,0.0,0.1000000000000227,4.099999999999994,1.215,1.16,-1.216,0.774
1448.729,0.0,0.1000000000000227,4.099999999999994,1.215,1.16,-1.216,0.774
1451.327,0.0,0.0,4.0,1.215,1.16,-1.216,0.634
1454.021,0.0,0.0,4.0,1.215,1.16,-1.216,0.634
1455.797,0.0,0.0,4.0,1.215,1.16,-1.216,0.634
1457.286,0.0,0.0,4.0,1.215,1.16,-1.216,0.634
1460.261,0.0,0.0,4.0,1.215,1.16,-1.216,0.634
1461.745,0.0,0.0,4.0,1.215,1.16,-1.216,0.633
1465.724,0.0,0.0,4.0,1.215,1.16,-1.216,0.633
1467.701,0.0,0.0,4.0,1.215,1.16,-1.216,0.633
1470.711,0.0,0.0,4.0,1.215,1.16,-1.216,0.633
1472.66,0.0,0.0,3.9000000000000057,1.215,1.16,-1.216,0.669
1476.106,0.0,0.0,3.9000000000000057,1.215,1.16,-1.216,0.669
1479.145,0.0,0.0,3.9000000000000057,1.215,1.16,-1.216,0.669
1482.13,0.0,0.0,3.9000000000000057,1.215,1.16,-1.216,0.669
1484.105,0.0,0.1000000000000227,3.700000000000017,1.215,1.16,-1.216,0.775
1485.5700000000002,0.0,0.1000000000000227,3.700000000000017,1.215,1.16,-1.216,0.775
1488.5459999999998,0.0,0.1000000000000227,3.700000000000017,1.215,1.16,-1.216,0.775
1491.523,0.0,0.1000000000000227,3.700000000000017,1.215,1.16,-1.216,0.775
1493.0110000000002,0.0,0.1000000000000227,3.700000000000017,1.215,1.16,-1.216,0.775
1494.498,0.0,0.1999999999999318,3.700000000000017,1.215,1.16,-1.216,0.774
1495.985,0.0,0.1999999999999318,3.700000000000017,1.215,1.16,-1.216,0.774
1500.95,0.0,0.1999999999999318,3.700000000000017,1.215,1.16,-1.216,0.774
1502.93,0.0,0.1999999999999318,3.700000000000017,1.215,1.16,-1.216,0.774
1505.943,0.0,0.1999999999999318,3.700000000000017,1.215,1.16,-1.216,0.774
1507.914,0.0,0.1999999999999318,3.700000000000017,1.215,1.16,-1.216,0.774
1509.4019999999998,0.0,0.1999999999999318,3.700000000000017,1.215,1.16,-1.216,0.774
1512.353,0.0,0.1999999999999318,3.700000000000017,1.215,1.16,-1.216,0.774
1513.842,0.0,0.1999999999999318,3.700000000000017,1.215,1.16,-1.216,0.739
1515.356,0.0,0.1999999999999318,3.700000000000017,1.215,1.16,-1.216,0.739
1516.817,0.0,0.1999999999999318,3.700000000000017,1.215,1.16,-1.216,0.739
1519.793,0.0,0.1999999999999318,3.700000000000017,1.215,1.16,-1.216,0.739
1521.306,0.0,0.1999999999999318,3.700000000000017,1.215,1.16,-1.216,0.739
1522.794,0.0,0.2999999999999545,3.5999999999999943,1.215,1.16,-1.216,0.845
1524.284,0.0,0.2999999999999545,3.5999999999999943,1.215,1.16,-1.216,0.845
1527.257,0.0,0.2999999999999545,3.5999999999999943,1.215,1.16,-1.216,0.845
1528.745,0.0,0.2999999999999545,3.5999999999999943,1.215,1.16,-1.216,0.845
1530.2089999999998,0.0,0.2999999999999545,3.5999999999999943,1.215,1.16,-1.216,0.845
1531.698,0.0,0.2999999999999545,3.5,1.215,1.16,-1.216,0.739
1536.167,0.0,0.2999999999999545,3.5,1.215,1.16,-1.216,0.739
1538.148,0.0,0.2999999999999545,3.5,1.215,1.16,-1.216,0.739
1539.633,0.0,0.2999999999999545,3.5,1.215,1.16,-1.216,0.739
1542.609,0.0,0.2999999999999545,3.5,1.215,1.16,-1.216,0.739
1544.097,0.0,0.2999999999999545,3.4000000000000057,1.215,1.16,-1.216,0.774
1545.585,0.0,0.2999999999999545,3.4000000000000057,1.215,1.16,-1.216,0.774
1548.562,0.0,0.2999999999999545,3.4000000000000057,1.215,1.16,-1.216,0.774
1551.537,0.0,0.2999999999999545,3.4000000000000057,1.215,1.16,-1.216,0.774
1554.513,0.0,0.2999999999999545,3.4000000000000057,1.215,1.16,-1.216,0.881
1556.001,0.0,0.2999999999999545,3.4000000000000057,1.215,1.16,-1.216,0.881
1557.4889999999998,0.0,0.2999999999999545,3.4000000000000057,1.215,1.16,-1.216,0.881
1558.977,0.0,0.2999999999999545,3.4000000000000057,1.215,1.16,-1.216,0.881
1560.962,0.0,0.2999999999999545,3.4000000000000057,1.215,1.16,-1.216,0.774
1563.445,0.0,0.2999999999999545,3.4000000000000057,1.215,1.16,-1.216,0.774
1566.915,0.0,0.2999999999999545,3.4000000000000057,1.215,1.16,-1.216,0.774
1569.405,0.0,0.2999999999999545,3.4000000000000057,1.215,1.16,-1.216,0.774
1573.861,0.0,0.2999999999999545,3.4000000000000057,1.215,1.16,-1.216,0.809
1575.348,0.0,0.2999999999999545,3.4000000000000057,1.215,1.16,-1.216,0.809
1579.232,0.0,0.2999999999999545,3.4000000000000057,1.215,1.16,-1.216,0.809
1580.754,0.0,0.2999999999999545,3.4000000000000057,1.215,1.16,-1.216,0.809
1583.832,0.0,0.3999999999999772,3.200000000000017,1.215,1.16,-1.216,0.845
1585.346,0.0,0.3999999999999772,3.200000000000017,1.215,1.16,-1.216,0.845
1586.811,0.0,0.3999999999999772,3.200000000000017,1.215,1.16,-1.216,0.845
1588.299,0.0,0.3999999999999772,3.200000000000017,1.215,1.16,-1.216,0.845
1591.28,0.0999999999999943,0.3999999999999772,3.0999999999999943,1.215,1.16,-1.216,0.774
1592.762,0.0999999999999943,0.3999999999999772,3.0999999999999943,1.215,1.16,-1.216,0.774
1594.255,0.0999999999999943,0.3999999999999772,3.0999999999999943,1.215,1.16,-1.216,0.774
1595.738,0.0999999999999943,0.3999999999999772,3.0999999999999943,1.215,1.16,-1.216,0.774
1597.226,0.0999999999999943,0.3999999999999772,3.0999999999999943,1.215,1.16,-1.216,0.774
1598.72,0.0999999999999943,0.3999999999999772,3.0999999999999943,1.215,1.16,-1.216,0.739
1601.708,0.0999999999999943,0.3999999999999772,3.0999999999999943,1.215,1.16,-1.216,0.739
1603.178,0.0999999999999943,0.3999999999999772,3.0999999999999943,1.215,1.16,-1.216,0.739
1606.651,0.0999999999999943,0.3999999999999772,3.0999999999999943,1.215,1.16,-1.216,0.739
1608.139,0.0999999999999943,0.3999999999999772,3.0999999999999943,1.215,1.16,-1.216,0.739
1610.795,0.0999999999999943,0.3999999999999772,3.0999999999999943,1.215,1.16,-1.216,0.739
1612.221,0.0999999999999943,0.3999999999999772,3.0999999999999943,1.215,1.16,-1.216,0.739
1614.923,0.0999999999999943,0.3999999999999772,3.0999999999999943,1.215,1.16,-1.216,0.739
1616.411,0.0999999999999943,0.3999999999999772,2.9000000000000057,1.216,1.16,-1.216,0.739
1619.001,0.0999999999999943,0.3999999999999772,2.9000000000000057,1.216,1.16,-1.216,0.739
1620.492,0.0999999999999943,0.3999999999999772,2.9000000000000057,1.216,1.16,-1.216,0.739
1623.428,0.0999999999999943,0.3999999999999772,2.9000000000000057,1.216,1.16,-1.216,0.739
1624.971,0.0999999999999943,0.5,2.9000000000000057,1.216,1.16,-1.216,0.81
1626.4209999999998,0.0999999999999943,0.5,2.9000000000000057,1.216,1.16,-1.216,0.81
1627.937,0.0999999999999943,0.5,2.9000000000000057,1.216,1.16,-1.216,0.81
1630.885,0.0999999999999943,0.5,2.9000000000000057,1.216,1.16,-1.216,0.81
1632.3780000000002,0.0999999999999943,0.5,2.9000000000000057,1.216,1.16,-1.216,0.81
1633.861,0.0999999999999943,0.5,2.800000000000012,1.216,1.16,-1.216,0.845
1636.843,0.0999999999999943,0.5,2.800000000000012,1.216,1.16,-1.216,0.845
1640.312,0.0999999999999943,0.5,2.800000000000012,1.216,1.16,-1.216,0.845
1643.285,0.0999999999999943,0.5,2.800000000000012,1.216,1.16,-1.216,0.845
1644.778,0.0999999999999943,0.6000000000000227,2.800000000000012,1.216,1.16,-1.216,0.845
1646.261,0.0999999999999943,0.6000000000000227,2.800000000000012,1.216,1.16,-1.216,0.845
1649.2420000000002,0.0999999999999943,0.6000000000000227,2.800000000000012,1.216,1.16,-1.216,0.845
1650.73,0.0999999999999943,0.5,2.700000000000017,1.216,1.16,-1.216,0.845
1652.217,0.0999999999999943,0.5,2.700000000000017,1.216,1.16,-1.216,0.845
1653.701,0.0999999999999943,0.5,2.700000000000017,1.216,1.16,-1.216,0.845
1656.681,0.0999999999999943,0.5,2.700000000000017,1.216,1.16,-1.216,0.845
1658.165,0.0999999999999943,0.5,2.700000000000017,1.216,1.16,-1.216,0.845
1659.826,0.0999999999999943,0.5,2.700000000000017,1.216,1.16,-1.216,0.845
1661.317,0.0999999999999943,0.5,2.700000000000017,1.216,1.16,-1.216,0.845
1664.32,0.0999999999999943,0.5,2.700000000000017,1.216,1.16,-1.216,0.845
1665.812,0.0999999999999943,0.5,2.700000000000017,1.216,1.16,-1.216,0.845
1667.295,0.0999999999999943,0.6000000000000227,2.5999999999999943,1.216,1.16,-1.216,0.774
1668.783,0.0999999999999943,0.6000000000000227,2.5999999999999943,1.216,1.16,-1.216,0.774
1671.7759999999998,0.0999999999999943,0.6000000000000227,2.5999999999999943,1.216,1.16,-1.216,0.774
1674.739,0.0999999999999943,0.6000000000000227,2.5999999999999943,1.216,1.16,-1.216,0.774
1677.772,0.0999999999999943,0.6000000000000227,2.5999999999999943,1.216,1.16,-1.216,0.774
1679.2800000000002,0.0999999999999943,0.6000000000000227,2.5999999999999943,1.216,1.161,-1.216,0.81
1680.768,0.0999999999999943,0.6000000000000227,2.5999999999999943,1.216,1.161,-1.216,0.81
1682.256,0.0999999999999943,0.6000000000000227,2.5999999999999943,1.216,1.161,-1.216,0.81
1685.231,0.0999999999999943,0.6000000000000227,2.5999999999999943,1.216,1.161,-1.216,0.81
1686.724,0.0999999999999943,0.6000000000000227,2.5,1.216,1.161,-1.216,0.809
1689.697,0.0999999999999943,0.6000000000000227,2.5,1.216,1.161,-1.216,0.809
1692.688,0.0999999999999943,0.6000000000000227,2.5,1.216,1.161,-1.216,0.809
1695.652,0.0999999999999943,0.6000000000000227,2.5,1.216,1.161,-1.216,0.774
1697.137,0.0999999999999943,0.6000000000000227,2.5,1.216,1.161,-1.216,0.774
1700.116,0.0999999999999943,0.6000000000000227,2.5,1.216,1.161,-1.216,0.774
1703.087,0.0999999999999943,0.6000000000000227,2.5,1.216,1.161,-1.216,0.774
1704.581,0.0999999999999943,0.6000000000000227,2.4000000000000057,1.216,1.161,-1.216,0.774
1706.064,0.0999999999999943,0.6000000000000227,2.4000000000000057,1.216,1.161,-1.216,0.774
1709.536,0.0999999999999943,0.6000000000000227,2.4000000000000057,1.216,1.161,-1.216,0.774
1712.5159999999998,0.0999999999999943,0.6999999999999318,2.4000000000000057,1.216,1.161,-1.216,0.845
1715.487,0.0999999999999943,0.6999999999999318,2.4000000000000057,1.216,1.161,-1.216,0.845
1716.98,0.0999999999999943,0.6999999999999318,2.4000000000000057,1.216,1.161,-1.216,0.845
1719.956,0.0999999999999943,0.6999999999999318,2.4000000000000057,1.216,1.161,-1.216,0.845
1722.957,0.0999999999999943,0.6999999999999318,2.300000000000012,1.216,1.161,-1.216,0.845
1724.4409999999998,0.0999999999999943,0.6999999999999318,2.300000000000012,1.216,1.161,-1.216,0.845
1725.929,0.0999999999999943,0.6999999999999318,2.300000000000012,1.216,1.161,-1.216,0.845
1727.423,0.0999999999999943,0.6999999999999318,2.300000000000012,1.216,1.161,-1.216,0.845
1728.923,0.0999999999999943,0.6999999999999318,2.300000000000012,1.216,1.161,-1.216,0.81
1731.904,0.0999999999999943,0.6999999999999318,2.300000000000012,1.216,1.161,-1.216,0.81
1733.4,0.0999999999999943,0.6999999999999318,2.300000000000012,1.216,1.161,-1.216,0.81
1734.875,0.0999999999999943,0.6999999999999318,2.300000000000012,1.216,1.161,-1.216,0.81
1736.363,0.0999999999999943,0.6999999999999318,2.200000000000017,1.216,1.161,-1.215,0.88
1739.339,0.0999999999999943,0.6999999999999318,2.200000000000017,1.216,1.161,-1.215,0.88
1742.813,0.0999999999999943,0.6999999999999318,2.200000000000017,1.216,1.161,-1.215,0.88
1745.787,0.0999999999999943,0.6999999999999318,2.200000000000017,1.216,1.161,-1.215,0.88
1747.125,0.0999999999999943,0.6999999999999318,2.0999999999999943,1.216,1.161,-1.215,0.809
1748.615,0.0999999999999943,0.6999999999999318,2.0999999999999943,1.216,1.161,-1.215,0.809
1749.8339999999998,0.0999999999999943,0.6999999999999318,2.0999999999999943,1.216,1.161,-1.215,0.809
1752.838,0.0999999999999943,0.6999999999999318,2.0999999999999943,1.216,1.161,-1.215,0.809
1754.338,0.0999999999999943,0.7999999999999545,2.0999999999999943,1.216,1.161,-1.215,0.88
1755.8339999999998,0.0999999999999943,0.7999999999999545,2.0999999999999943,1.216,1.161,-1.215,0.88
1757.328,0.0999999999999943,0.7999999999999545,2.0999999999999943,1.216,1.161,-1.215,0.88
1760.293,0.0999999999999943,0.7999999999999545,2.0999999999999943,1.216,1.161,-1.215,0.88
1761.781,0.0999999999999943,0.7999999999999545,1.9000000000000057,1.216,1.161,-1.215,0.845
1764.772,0.0999999999999943,0.7999999999999545,1.9000000000000057,1.216,1.161,-1.215,0.845
1767.08,0.0999999999999943,0.7999999999999545,1.9000000000000057,1.216,1.161,-1.215,0.845
1769.563,0.0999999999999943,0.7999999999999545,1.9000000000000057,1.216,1.161,-1.215,0.845
1771.025,0.0999999999999943,0.7999999999999545,1.9000000000000057,1.216,1.161,-1.215,0.88
1772.555,0.0999999999999943,0.7999999999999545,1.9000000000000057,1.216,1.161,-1.215,0.88
1776.484,0.0999999999999943,0.7999999999999545,1.9000000000000057,1.216,1.161,-1.215,0.88
1779.497,0.0999999999999943,0.7999999999999545,1.9000000000000057,1.216,1.161,-1.215,0.88
1781.061,0.0999999999999943,0.7999999999999545,1.8000000000000114,1.217,1.161,-1.215,0.774
1782.551,0.0999999999999943,0.7999999999999545,1.8000000000000114,1.217,1.161,-1.215,0.774
1784.04,0.0999999999999943,0.7999999999999545,1.8000000000000114,1.217,1.161,-1.215,0.774
1785.4730000000002,0.0999999999999943,0.7999999999999545,1.8000000000000114,1.217,1.161,-1.215,0.774
1788.452,0.0999999999999943,0.7999999999999545,1.8000000000000114,1.217,1.161,-1.215,0.774
1789.94,0.0999999999999943,0.7999999999999545,1.8000000000000114,1.217,1.161,-1.215,0.88
1792.9330000000002,0.0999999999999943,0.7999999999999545,1.8000000000000114,1.217,1.161,-1.215,0.88
1795.413,0.0999999999999943,0.7999999999999545,1.8000000000000114,1.217,1.161,-1.215,0.88
1822.197,0.0999999999999943,0.7999999999999545,1.8000000000000114,1.217,1.161,-1.215,0.809
1825.701,0.0999999999999943,0.7999999999999545,1.5999999999999943,1.217,1.161,-1.215,0.88
1827.653,0.0999999999999943,0.7999999999999545,1.5999999999999943,1.217,1.161,-1.215,0.88
1829.142,0.0999999999999943,0.7999999999999545,1.5999999999999943,1.217,1.161,-1.215,0.88
1833.604,0.0999999999999943,0.7999999999999545,1.5999999999999943,1.217,1.161,-1.215,0.88
1835.858,0.0999999999999943,0.7999999999999545,1.5999999999999943,1.217,1.162,-1.215,0.81
1838.437,0.0999999999999943,0.7999999999999545,1.5999999999999943,1.217,1.162,-1.215,0.81
1839.983,0.0999999999999943,0.7999999999999545,1.5999999999999943,1.217,1.162,-1.215,0.81
1841.57,0.0999999999999943,0.7999999999999545,1.5999999999999943,1.217,1.162,-1.215,0.81
1845.049,0.0999999999999943,0.8999999999999773,1.3000000000000114,1.217,1.162,-1.215,0.774
1848.548,0.0999999999999943,0.8999999999999773,1.3000000000000114,1.217,1.162,-1.215,0.774
1851.989,0.0999999999999943,0.8999999999999773,1.3000000000000114,1.217,1.162,-1.215,0.774
1853.93,0.0999999999999943,0.7999999999999545,1.3000000000000114,1.217,1.162,-1.215,0.774
1856.543,0.0999999999999943,0.7999999999999545,1.3000000000000114,1.217,1.162,-1.215,0.774
1859.539,0.0999999999999943,0.7999999999999545,1.3000000000000114,1.217,1.162,-1.215,0.774
1860.842,0.0999999999999943,0.7999999999999545,1.3000000000000114,1.217,1.162,-1.215,0.774
1863.824,0.0999999999999943,0.7999999999999545,1.200000000000017,1.217,1.162,-1.215,0.845
1865.312,0.0999999999999943,0.7999999999999545,1.200000000000017,1.217,1.162,-1.215,0.845
1866.8,0.0999999999999943,0.7999999999999545,1.200000000000017,1.217,1.162,-1.215,0.845
1868.402,0.0999999999999943,0.7999999999999545,1.200000000000017,1.217,1.162,-1.215,0.845
1871.406,0.0999999999999943,0.7999999999999545,1.200000000000017,1.217,1.162,-1.215,0.845
1874.375,0.0999999999999943,0.7999999999999545,1.200000000000017,1.217,1.162,-1.215,0.915
1877.287,0.0999999999999943,0.7999999999999545,1.200000000000017,1.217,1.162,-1.215,0.915
1879.778,0.0999999999999943,0.7999999999999545,1.0999999999999943,1.217,1.162,-1.215,0.916
1881.82,0.0999999999999943,0.7999999999999545,1.0999999999999943,1.217,1.162,-1.215,0.916
1883.745,0.0999999999999943,0.7999999999999545,1.0999999999999943,1.217,1.162,-1.215,0.916
1886.725,0.0999999999999943,0.7999999999999545,1.0999999999999943,1.217,1.162,-1.215,0.916
1888.208,0.0999999999999943,0.7999999999999545,1.0999999999999943,1.217,1.162,-1.215,0.916
1891.19,0.0999999999999943,0.7999999999999545,1.0999999999999943,1.217,1.162,-1.215,0.845
1894.165,0.0999999999999943,0.7999999999999545,1.0999999999999943,1.217,1.162,-1.215,0.845
1897.182,0.0999999999999943,0.7999999999999545,1.0999999999999943,1.217,1.162,-1.215,0.845
1898.757,0.0999999999999943,0.7999999999999545,1.0,1.217,1.162,-1.215,0.986
1900.267,0.0999999999999943,0.7999999999999545,1.0,1.217,1.162,-1.215,0.986
1902.795,0.0999999999999943,0.7999999999999545,1.0,1.217,1.162,-1.215,0.986
1904.282,0.0999999999999943,0.7999999999999545,1.0,1.217,1.162,-1.215,0.986
1905.77,0.0999999999999943,0.7999999999999545,1.0,1.217,1.162,-1.215,0.88
1908.746,0.0999999999999943,0.7999999999999545,1.0,1.217,1.162,-1.215,0.88
1910.239,0.0999999999999943,0.7999999999999545,1.0,1.217,1.162,-1.215,0.88
1911.722,0.0999999999999943,0.7999999999999545,1.0,1.217,1.162,-1.215,0.88
1914.204,0.0999999999999943,0.7999999999999545,1.0,1.217,1.162,-1.215,0.88
1916.23,0.0999999999999943,0.7999999999999545,0.9000000000000057,1.217,1.162,-1.215,0.951
1918.172,0.0999999999999943,0.7999999999999545,0.9000000000000057,1.217,1.162,-1.215,0.951
1919.678,0.0999999999999943,0.7999999999999545,0.9000000000000057,1.217,1.162,-1.215,0.951
1922.658,0.0999999999999943,0.7999999999999545,0.9000000000000057,1.217,1.162,-1.215,0.951
1924.146,0.0999999999999943,0.7999999999999545,0.9000000000000057,1.217,1.162,-1.215,0.986
1925.634,0.0999999999999943,0.7999999999999545,0.9000000000000057,1.217,1.162,-1.215,0.986
1928.61,0.0999999999999943,0.7999999999999545,0.9000000000000057,1.217,1.162,-1.215,0.986
1930.105,0.0999999999999943,0.7999999999999545,0.9000000000000057,1.217,1.162,-1.215,0.986
1931.586,0.0999999999999943,0.7999999999999545,0.9000000000000057,1.217,1.162,-1.215,0.985
1933.079,0.0999999999999943,0.7999999999999545,0.9000000000000057,1.217,1.162,-1.215,0.985
1936.05,0.0999999999999943,0.7999999999999545,0.9000000000000057,1.217,1.162,-1.215,0.985
1937.542,0.0999999999999943,0.7999999999999545,0.9000000000000057,1.217,1.162,-1.215,0.985
1939.026,0.0999999999999943,0.7999999999999545,0.9000000000000057,1.217,1.162,-1.215,0.985
1940.514,0.0999999999999943,0.7999999999999545,0.8000000000000114,1.218,1.162,-1.215,0.88
1942.002,0.0999999999999943,0.7999999999999545,0.8000000000000114,1.218,1.162,-1.215,0.88
1943.494,0.0999999999999943,0.7999999999999545,0.8000000000000114,1.218,1.162,-1.215,0.88
1946.466,0.0999999999999943,0.7999999999999545,0.8000000000000114,1.218,1.162,-1.215,0.88
1948.452,0.0999999999999943,0.7999999999999545,0.8000000000000114,1.218,1.162,-1.215,0.88
1951.908,0.0999999999999943,0.7999999999999545,0.8000000000000114,1.218,1.162,-1.215,0.88
1953.886,0.0999999999999943,0.7999999999999545,0.8000000000000114,1.218,1.162,-1.215,0.88
1956.861,0.0999999999999943,0.7999999999999545,0.8000000000000114,1.218,1.162,-1.215,0.88
1958.824,0.0999999999999943,0.7999999999999545,0.700000000000017,1.218,1.162,-1.215,0.916
1960.34,0.0999999999999943,0.7999999999999545,0.700000000000017,1.218,1.162,-1.215,0.916
1963.292,0.0999999999999943,0.7999999999999545,0.700000000000017,1.218,1.162,-1.215,0.916
1965.931,0.0999999999999943,0.7999999999999545,0.700000000000017,1.218,1.162,-1.215,0.916
1967.766,0.0999999999999943,0.7999999999999545,0.700000000000017,1.218,1.162,-1.214,0.88
1969.261,0.0999999999999943,0.7999999999999545,0.700000000000017,1.218,1.162,-1.214,0.88
1972.25,0.0999999999999943,0.7999999999999545,0.700000000000017,1.218,1.162,-1.214,0.88
1975.222,0.0999999999999943,0.7999999999999545,0.700000000000017,1.218,1.162,-1.214,0.88
1976.705,0.0999999999999943,0.7999999999999545,0.700000000000017,1.218,1.162,-1.214,0.986
1978.193,0.0999999999999943,0.7999999999999545,0.700000000000017,1.218,1.162,-1.214,0.986
1979.696,0.0999999999999943,0.7999999999999545,0.700000000000017,1.218,1.162,-1.214,0.986
1983.666,0.0999999999999943,0.7999999999999545,0.700000000000017,1.218,1.162,-1.214,0.986
1985.152,0.0999999999999943,0.6999999999999318,0.5999999999999943,1.218,1.162,-1.214,0.739
1988.17,0.0999999999999943,0.6999999999999318,0.5999999999999943,1.218,1.162,-1.214,0.739
1989.664,0.0999999999999943,0.6999999999999318,0.5999999999999943,1.218,1.162,-1.214,0.739
1991.459,0.0999999999999943,0.6999999999999318,0.5999999999999943,1.218,1.162,-1.214,0.739
1994.492,0.0999999999999943,0.6999999999999318,0.5999999999999943,1.218,1.162,-1.214,0.881
1995.951,0.0999999999999943,0.6999999999999318,0.5999999999999943,1.218,1.162,-1.214,0.881
1997.466,0.0999999999999943,0.6999999999999318,0.5999999999999943,1.218,1.162,-1.214,0.881
1998.93,0.0999999999999943,0.6999999999999318,0.5999999999999943,1.218,1.162,-1.214,0.881
2001.906,0.0999999999999943,0.6999999999999318,0.5999999999999943,1.218,1.162,-1.214,0.881
2003.166,0.0999999999999943,0.6999999999999318,0.5999999999999943,1.218,1.162,-1.214,0.81
2006.144,0.0999999999999943,0.6999999999999318,0.5999999999999943,1.218,1.162,-1.214,0.81
2008.855,0.0999999999999943,0.6999999999999318,0.5999999999999943,1.218,1.162,-1.214,0.81
2010.339,0.0999999999999943,0.6999999999999318,0.5,1.218,1.162,-1.214,0.81
2013.315,0.0999999999999943,0.6999999999999318,0.5,1.218,1.162,-1.214,0.81
2017.518,0.0999999999999943,0.6999999999999318,0.5,1.218,1.162,-1.214,0.81
2019.004,0.0999999999999943,0.6999999999999318,0.5,1.218,1.162,-1.214,0.986
2022.208,0.0999999999999943,0.6999999999999318,0.5,1.218,1.162,-1.214,0.986
2023.695,0.0999999999999943,0.6999999999999318,0.5,1.218,1.162,-1.214,0.986
2025.183,0.0999999999999943,0.6999999999999318,0.5,1.218,1.162,-1.214,0.986
2026.676,0.0999999999999943,0.6999999999999318,0.5,1.218,1.162,-1.214,0.986
2028.16,0.0999999999999943,0.6999999999999318,0.5,1.218,1.162,-1.214,1.091
2031.145,0.0999999999999943,0.6999999999999318,0.5,1.218,1.162,-1.214,1.091
2032.627,0.0999999999999943,0.6999999999999318,0.5,1.218,1.162,-1.214,1.091
2035.6040000000005,0.0999999999999943,0.6999999999999318,0.5,1.218,1.162,-1.214,1.091
2038.6,0.0999999999999943,0.6999999999999318,0.4000000000000057,1.218,1.162,-1.214,0.95
2040.088,0.0999999999999943,0.6999999999999318,0.4000000000000057,1.218,1.162,-1.214,0.95
2041.576,0.0999999999999943,0.6999999999999318,0.4000000000000057,1.218,1.162,-1.214,0.95
2043.381,0.0999999999999943,0.6999999999999318,0.4000000000000057,1.218,1.162,-1.214,0.95
2045.142,0.0999999999999943,0.6999999999999318,0.4000000000000057,1.218,1.162,-1.214,0.95
2048.1620000000003,0.0999999999999943,0.6999999999999318,0.4000000000000057,1.218,1.162,-1.214,0.95
2052.132,0.0999999999999943,0.6999999999999318,0.4000000000000057,1.218,1.162,-1.214,0.95
2054.119,0.0999999999999943,0.6999999999999318,0.4000000000000057,1.218,1.162,-1.214,0.951
2055.901,0.0999999999999943,0.6999999999999318,0.4000000000000057,1.218,1.162,-1.214,0.951
2058.71,0.0999999999999943,0.6999999999999318,0.4000000000000057,1.218,1.162,-1.214,0.951
2061.261,0.0999999999999943,0.6999999999999318,0.4000000000000057,1.218,1.162,-1.214,0.951
2062.7490000000003,0.0999999999999943,0.6999999999999318,0.3000000000000113,1.218,1.162,-1.214,0.915
2064.238,0.0999999999999943,0.6999999999999318,0.3000000000000113,1.218,1.162,-1.214,0.915
2067.213,0.0999999999999943,0.6999999999999318,0.3000000000000113,1.218,1.162,-1.214,0.915
2068.73,0.0999999999999943,0.6999999999999318,0.3000000000000113,1.218,1.162,-1.214,0.915
2070.2180000000003,0.0999999999999943,0.6999999999999318,0.3000000000000113,1.218,1.162,-1.214,0.915
2073.194,0.0999999999999943,0.6999999999999318,0.3000000000000113,1.218,1.162,-1.214,1.021
2074.681,0.0999999999999943,0.6999999999999318,0.3000000000000113,1.218,1.162,-1.214,1.021
2076.164,0.0999999999999943,0.6999999999999318,0.3000000000000113,1.218,1.162,-1.214,1.021
2079.157,0.0999999999999943,0.6999999999999318,0.3000000000000113,1.218,1.162,-1.214,1.021
2082.137,0.0999999999999943,0.6999999999999318,0.3000000000000113,1.218,1.162,-1.214,1.056
2083.626,0.0999999999999943,0.6999999999999318,0.3000000000000113,1.218,1.162,-1.214,1.056
2086.111,0.0999999999999943,0.6999999999999318,0.3000000000000113,1.218,1.162,-1.214,1.056
2090.0910000000003,0.0999999999999943,0.6999999999999318,0.3000000000000113,1.218,1.162,-1.214,1.056
2091.166,0.0999999999999943,0.6999999999999318,0.200000000000017,1.218,1.163,-1.214,0.986
2092.656,0.0999999999999943,0.6999999999999318,0.200000000000017,1.218,1.163,-1.214,0.986
2093.997,0.0999999999999943,0.6999999999999318,0.200000000000017,1.218,1.163,-1.214,0.986
2096.9790000000003,0.0999999999999943,0.6999999999999318,0.200000000000017,1.218,1.163,-1.214,0.986
2098.463,0.0999999999999943,0.6999999999999318,0.200000000000017,1.218,1.163,-1.214,0.95
2101.439,0.0999999999999943,0.6999999999999318,0.200000000000017,1.218,1.163,-1.214,0.95
2104.415,0.0999999999999943,0.6999999999999318,0.200000000000017,1.218,1.163,-1.214,0.95
2105.753,0.0999999999999943,0.6999999999999318,0.0999999999999943,1.218,1.163,-1.214,1.056
2107.6600000000003,0.0999999999999943,0.6999999999999318,0.0999999999999943,1.218,1.163,-1.214,1.056
2108.976,0.0999999999999943,0.6999999999999318,0.0999999999999943,1.218,1.163,-1.214,1.056
2110.461,0.0999999999999943,0.6999999999999318,0.0999999999999943,1.218,1.163,-1.214,1.056
2111.949,0.0999999999999943,0.6999999999999318,0.0999999999999943,1.218,1.163,-1.214,1.056
2114.924,0.0999999999999943,0.6999999999999318,0.0999999999999943,1.218,1.163,-1.214,1.056
2116.418,0.0999999999999943,0.6999999999999318,0.0999999999999943,1.218,1.163,-1.214,1.091
2117.901,0.0999999999999943,0.6999999999999318,0.0999999999999943,1.218,1.163,-1.214,1.091
2120.383,0.0999999999999943,0.6999999999999318,0.0999999999999943,1.218,1.163,-1.214,1.091
2122.365,0.0999999999999943,0.6999999999999318,0.0999999999999943,1.218,1.163,-1.214,1.091
2125.34,0.0999999999999943,0.6999999999999318,0.0,1.218,1.163,-1.214,0.95
2126.828,0.0999999999999943,0.6999999999999318,0.0,1.218,1.163,-1.214,0.95
2128.317,0.0999999999999943,0.6999999999999318,0.0,1.218,1.163,-1.214,0.95
2129.8050000000003,0.0999999999999943,0.6999999999999318,0.0,1.218,1.163,-1.214,0.95
2132.7850000000003,0.0999999999999943,0.6999999999999318,0.0,1.218,1.163,-1.214,0.95
2134.268,0.0999999999999943,0.6999999999999318,0.0,1.218,1.163,-1.214,0.774
2135.757,0.0999999999999943,0.6999999999999318,0.0,1.218,1.163,-1.214,0.774
2137.25,0.0999999999999943,0.6999999999999318,0.0,1.218,1.163,-1.214,0.774
2138.739,0.0999999999999943,0.6999999999999318,0.0,1.218,1.163,-1.214,0.774
2140.22,0.0999999999999943,0.6999999999999318,0.0,1.218,1.163,-1.214,1.021
2143.217,0.0999999999999943,0.6999999999999318,0.0,1.218,1.163,-1.214,1.021
2144.706,0.0999999999999943,0.6999999999999318,0.0,1.218,1.163,-1.214,1.021
2146.214,0.0999999999999943,0.6999999999999318,0.0,1.218,1.163,-1.214,1.021
2147.734,0.0999999999999943,0.6999999999999318,0.0,1.218,1.163,-1.214,1.021
2150.277,0.0999999999999943,0.6999999999999318,0.0,1.218,1.163,-1.214,0.95
2151.8160000000003,0.0999999999999943,0.6999999999999318,0.0,1.218,1.163,-1.214,0.95
2155.808,0.0999999999999943,0.6999999999999318,0.0,1.218,1.163,-1.214,0.95
2157.299,0.0999999999999943,0.6999999999999318,0.0,1.218,1.163,-1.214,0.95
2160.27,0.0999999999999943,0.6999999999999318,0.0,1.218,1.163,-1.214,0.951
2161.765,0.0999999999999943,0.6999999999999318,0.0,1.218,1.163,-1.214,0.951
2163.246,0.0999999999999943,0.6999999999999318,0.0,1.218,1.163,-1.214,0.951
2166.224,0.0999999999999943,0.6999999999999318,0.0,1.218,1.163,-1.214,0.951
2169.2,0.0999999999999943,0.6999999999999318,-0.0999999999999943,1.218,1.163,-1.214,0.95
2170.713,0.0999999999999943,0.6999999999999318,-0.0999999999999943,1.218,1.163,-1.214,0.95
2171.965,0.0999999999999943,0.6999999999999318,-0.0999999999999943,1.218,1.163,-1.214,0.95
2174.943,0.0999999999999943,0.6999999999999318,-0.0999999999999943,1.218,1.163,-1.214,0.95
2176.484,0.0999999999999943,0.6999999999999318,-0.0999999999999943,1.218,1.163,-1.214,1.091
2177.963,0.0999999999999943,0.6999999999999318,-0.0999999999999943,1.218,1.163,-1.214,1.091
2179.444,0.0999999999999943,0.6999999999999318,-0.0999999999999943,1.218,1.163,-1.214,1.091
2182.556,0.0999999999999943,0.6999999999999318,-0.0999999999999943,1.218,1.163,-1.214,1.091
2184.047,0.0999999999999943,0.6000000000000227,-0.0999999999999943,1.218,1.163,-1.214,1.091
2185.535,0.0999999999999943,0.6000000000000227,-0.0999999999999943,1.218,1.163,-1.214,1.091
2187.028,0.0999999999999943,0.6000000000000227,-0.0999999999999943,1.218,1.163,-1.214,1.091
2190.495,0.0999999999999943,0.6000000000000227,-0.0999999999999943,1.218,1.163,-1.214,1.091
2191.74,0.0999999999999943,0.6000000000000227,-0.0999999999999943,1.218,1.163,-1.214,1.091
2194.7230000000004,0.0999999999999943,0.6000000000000227,-0.0999999999999943,1.218,1.163,-1.214,0.985
2196.207,0.0999999999999943,0.6000000000000227,-0.0999999999999943,1.218,1.163,-1.214,0.985
2197.694,0.0999999999999943,0.6000000000000227,-0.0999999999999943,1.218,1.163,-1.214,0.985
2200.675,0.0999999999999943,0.6000000000000227,-0.0999999999999943,1.218,1.163,-1.214,0.985
2202.159,0.0999999999999943,0.6000000000000227,-0.0999999999999943,1.218,1.163,-1.214,0.986
2205.139,0.0999999999999943,0.6000000000000227,-0.0999999999999943,1.218,1.163,-1.214,0.986
2206.623,0.0999999999999943,0.6000000000000227,-0.0999999999999943,1.218,1.163,-1.214,0.986
2208.112,0.0999999999999943,0.6000000000000227,-0.0999999999999943,1.218,1.163,-1.214,0.986
2211.093,0.0999999999999943,0.6000000000000227,-0.0999999999999943,1.218,1.163,-1.214,1.091
2212.5750000000003,0.0999999999999943,0.6000000000000227,-0.0999999999999943,1.218,1.163,-1.214,1.091
2214.063,0.0999999999999943,0.6000000000000227,-0.0999999999999943,1.218,1.163,-1.214,1.091
2215.55,0.0999999999999943,0.6000000000000227,-0.0999999999999943,1.218,1.163,-1.214,1.091
2217.043,0.0999999999999943,0.6000000000000227,-0.0999999999999943,1.218,1.163,-1.214,1.091
2220.019,0.0999999999999943,0.6000000000000227,-0.0999999999999943,1.218,1.163,-1.214,0.916
2223.487,0.0999999999999943,0.6000000000000227,-0.0999999999999943,1.218,1.163,-1.214,0.916
2225.549,0.0999999999999943,0.6000000000000227,-0.0999999999999943,1.218,1.163,-1.214,0.916
2227.454,0.0999999999999943,0.6000000000000227,-0.0999999999999943,1.218,1.163,-1.214,0.916
2229.046,0.0999999999999943,0.6000000000000227,-0.0999999999999943,1.218,1.163,-1.214,0.95
2230.5350000000003,0.0999999999999943,0.6000000000000227,-0.0999999999999943,1.218,1.163,-1.214,0.95
2233.5370000000003,0.0999999999999943,0.6000000000000227,-0.0999999999999943,1.218,1.163,-1.214,0.95
2236.4860000000003,0.0999999999999943,0.6000000000000227,-0.0999999999999943,1.218,1.163,-1.214,0.95
2238.0080000000003,0.0999999999999943,0.6000000000000227,-0.1999999999999886,1.218,1.163,-1.214,0.95
2240.978,0.0999999999999943,0.6000000000000227,-0.1999999999999886,1.218,1.163,-1.214,0.95
2243.452,0.0999999999999943,0.6000000000000227,-0.1999999999999886,1.218,1.163,-1.214,0.95
2244.918,0.0999999999999943,0.6000000000000227,-0.1999999999999886,1.218,1.163,-1.214,0.915
2247.525,0.0999999999999943,0.6000000000000227,-0.1999999999999886,1.218,1.163,-1.214,0.915
2249.037,0.0999999999999943,0.6000000000000227,-0.1999999999999886,1.218,1.163,-1.214,0.915
2250.556,0.0999999999999943,0.6000000000000227,-0.1999999999999886,1.218,1.163,-1.214,0.915
2252.016,0.0999999999999943,0.6000000000000227,-0.1999999999999886,1.218,1.163,-1.214,0.915
2254.992,0.0999999999999943,0.6000000000000227,-0.1999999999999886,1.219,1.163,-1.214,0.986
2257.968,0.0999999999999943,0.6000000000000227,-0.1999999999999886,1.219,1.163,-1.214,0.986
2261.44,0.0999999999999943,0.6000000000000227,-0.1999999999999886,1.219,1.163,-1.214,0.986
2264.422,0.0999999999999943,0.6000000000000227,-0.1999999999999886,1.219,1.163,-1.214,1.056
2267.393,0.0999999999999943,0.6000000000000227,-0.1999999999999886,1.219,1.163,-1.214,1.056
2269.052,0.0999999999999943,0.6000000000000227,-0.1999999999999886,1.219,1.163,-1.214,1.056
2270.543,0.0999999999999943,0.6000000000000227,-0.1999999999999886,1.219,1.163,-1.214,1.056
2272.025,0.0999999999999943,0.6000000000000227,-0.1999999999999886,1.219,1.163,-1.214,0.986
2273.513,0.0999999999999943,0.6000000000000227,-0.1999999999999886,1.219,1.163,-1.214,0.986
2276.339,0.0999999999999943,0.6000000000000227,-0.1999999999999886,1.219,1.163,-1.214,0.986
2277.871,0.0999999999999943,0.6000000000000227,-0.1999999999999886,1.219,1.163,-1.214,0.986
2279.447,0.0999999999999943,0.6000000000000227,-0.1999999999999886,1.219,1.163,-1.214,0.986
2281.0510000000004,0.0999999999999943,0.6000000000000227,-0.1999999999999886,1.219,1.163,-1.214,0.845
2282.542,0.0999999999999943,0.6000000000000227,-0.1999999999999886,1.219,1.163,-1.214,0.845
2285.529,0.0999999999999943,0.6000000000000227,-0.1999999999999886,1.219,1.163,-1.214,0.845
2287.0170000000003,0.0999999999999943,0.6000000000000227,-0.1999999999999886,1.219,1.163,-1.214,0.845
2290.495,0.0999999999999943,0.6000000000000227,-0.1999999999999886,1.219,1.163,-1.214,0.95
2292.97,0.0999999999999943,0.6000000000000227,-0.1999999999999886,1.219,1.163,-1.214,0.95
2294.457,0.0999999999999943,0.6000000000000227,-0.1999999999999886,1.219,1.163,-1.214,0.95
2295.945,0.0999999999999943,0.6000000000000227,-0.1999999999999886,1.219,1.163,-1.214,0.95
2298.925,0.0999999999999943,0.6000000000000227,-0.1999999999999886,1.219,1.163,-1.214,0.95
2300.409,0.0999999999999943,0.6000000000000227,-0.1999999999999886,1.219,1.163,-1.214,1.056
2301.897,0.0999999999999943,0.6000000000000227,-0.1999999999999886,1.219,1.163,-1.214,1.056
2303.615,0.0999999999999943,0.6000000000000227,-0.1999999999999886,1.219,1.163,-1.214,1.056
2305.122,0.0999999999999943,0.6000000000000227,-0.1999999999999886,1.219,1.163,-1.214,1.056
2308.11,0.0999999999999943,0.6000000000000227,-0.1999999999999886,1.219,1.163,-1.214,1.056
2309.583,0.0999999999999943,0.6000000000000227,-0.1999999999999886,1.219,1.163,-1.214,0.915
2311.07,0.0999999999999943,0.6000000000000227,-0.1999999999999886,1.219,1.163,-1.214,0.915
2314.051,0.0999999999999943,0.6000000000000227,-0.1999999999999886,1.219,1.163,-1.214,0.915
2315.539,0.0999999999999943,0.6000000000000227,-0.1999999999999886,1.219,1.163,-1.214,0.915
2317.022,0.0999999999999943,0.6000000000000227,-0.1999999999999886,1.219,1.163,-1.214,0.915
2318.51,0.0999999999999943,0.6000000000000227,-0.1999999999999886,1.219,1.163,-1.214,0.915
2319.998,0.0999999999999943,0.6000000000000227,-0.1999999999999886,1.219,1.163,-1.214,0.915
2321.485,0.0999999999999943,0.6000000000000227,-0.1999999999999886,1.219,1.163,-1.214,0.915
2325.455,0.0999999999999943,0.6000000000000227,-0.1999999999999886,1.219,1.163,-1.214,0.915
2326.942,0.0999999999999943,0.6000000000000227,-0.1999999999999886,1.219,1.163,-1.214,1.021
2328.932,0.0999999999999943,0.6000000000000227,-0.1999999999999886,1.219,1.163,-1.214,1.021
2331.902,0.0999999999999943,0.6000000000000227,-0.1999999999999886,1.219,1.163,-1.214,1.021
2334.909,0.0999999999999943,0.6000000000000227,-0.1999999999999886,1.219,1.163,-1.214,0.95
2336.391,0.0999999999999943,0.6000000000000227,-0.1999999999999886,1.219,1.163,-1.214,0.95
2338.903,0.0999999999999943,0.6000000000000227,-0.1999999999999886,1.219,1.163,-1.214,0.95
2340.395,0.0999999999999943,0.6000000000000227,-0.1999999999999886,1.219,1.163,-1.214,0.95
2343.474,0.0999999999999943,0.6000000000000227,-0.1999999999999886,1.219,1.163,-1.214,0.986
2344.965,0.0999999999999943,0.6000000000000227,-0.1999999999999886,1.219,1.163,-1.214,0.986
2346.456,0.0999999999999943,0.6000000000000227,-0.1999999999999886,1.219,1.163,-1.214,0.986
2347.951,0.0999999999999943,0.6000000000000227,-0.1999999999999886,1.219,1.163,-1.214,0.986
2349.434,0.0999999999999943,0.6000000000000227,-0.1999999999999886,1.219,1.163,-1.214,0.986
2352.411,0.0999999999999943,0.6000000000000227,-0.1999999999999886,1.219,1.163,-1.214,1.091
2353.903,0.0999999999999943,0.6000000000000227,-0.1999999999999886,1.219,1.163,-1.214,1.091
2356.874,0.0999999999999943,0.6000000000000227,-0.1999999999999886,1.219,1.163,-1.214,1.091
2360.347,0.0999999999999943,0.6000000000000227,-0.1999999999999886,1.219,1.163,-1.214,0.986
2363.322,0.0999999999999943,0.6000000000000227,-0.1999999999999886,1.219,1.163,-1.214,0.986
2365.3140000000003,0.0999999999999943,0.6000000000000227,-0.1999999999999886,1.219,1.163,-1.214,0.986
2366.802,0.0999999999999943,0.6000000000000227,-0.1999999999999886,1.219,1.163,-1.214,0.986
2368.287,0.0999999999999943,0.6000000000000227,-0.1999999999999886,1.219,1.163,-1.214,1.056
2369.774,0.0999999999999943,0.6000000000000227,-0.1999999999999886,1.219,1.163,-1.214,1.056
2372.423,0.0999999999999943,0.6000000000000227,-0.1999999999999886,1.219,1.163,-1.214,1.056
2373.889,0.0999999999999943,0.6000000000000227,-0.1999999999999886,1.219,1.163,-1.214,1.056
2377.07,0.0999999999999943,0.6000000000000227,-0.1999999999999886,1.219,1.163,-1.214,1.056
2378.558,0.0999999999999943,0.6000000000000227,-0.1999999999999886,1.219,1.163,-1.214,1.091
2381.553,0.0999999999999943,0.6000000000000227,-0.1999999999999886,1.219,1.163,-1.214,1.091
2383.037,0.0999999999999943,0.6000000000000227,-0.1999999999999886,1.219,1.163,-1.214,1.091
2384.529,0.0999999999999943,0.6000000000000227,-0.1999999999999886,1.219,1.163,-1.214,1.091
2386.0130000000004,0.0999999999999943,0.6000000000000227,-0.1999999999999886,1.219,1.163,-1.214,0.915
2389.0220000000004,0.0999999999999943,0.6000000000000227,-0.1999999999999886,1.219,1.163,-1.214,0.915
2390.494,0.0999999999999943,0.6000000000000227,-0.1999999999999886,1.219,1.163,-1.214,0.915
2391.982,0.0999999999999943,0.6000000000000227,-0.1999999999999886,1.219,1.163,-1.214,0.915
2393.961,0.0999999999999943,0.6000000000000227,-0.1999999999999886,1.219,1.163,-1.214,0.915
2395.945,0.0999999999999943,0.6000000000000227,-0.1999999999999886,1.219,1.163,-1.214,1.021
2397.434,0.0999999999999943,0.6000000000000227,-0.1999999999999886,1.219,1.163,-1.214,1.021
2400.419,0.0999999999999943,0.6000000000000227,-0.1999999999999886,1.219,1.163,-1.214,1.021
2401.923,0.0999999999999943,0.6000000000000227,-0.1999999999999886,1.219,1.163,-1.214,1.021
2404.886,0.0999999999999943,0.6000000000000227,-0.1999999999999886,1.219,1.163,-1.214,1.021
2406.374,0.0999999999999943,0.6000000000000227,-0.1999999999999886,1.219,1.163,-1.214,0.916
2409.174,0.0999999999999943,0.6000000000000227,-0.1999999999999886,1.219,1.163,-1.214,0.916
2410.6580000000004,0.0999999999999943,0.6000000000000227,-0.1999999999999886,1.219,1.163,-1.214,0.916
2413.639,0.0999999999999943,0.6000000000000227,-0.1999999999999886,1.219,1.163,-1.214,0.95
2415.35,0.0999999999999943,0.6000000000000227,-0.1999999999999886,1.219,1.163,-1.214,0.95
2418.328,0.0999999999999943,0.6000000000000227,-0.1999999999999886,1.219,1.163,-1.214,0.95
2419.82,0.0999999999999943,0.6000000000000227,-0.1999999999999886,1.219,1.163,-1.214,0.95
2422.79,0.0999999999999943,0.6000000000000227,-0.1999999999999886,1.219,1.163,-1.214,1.021
2424.284,0.0999999999999943,0.6000000000000227,-0.1999999999999886,1.219,1.163,-1.214,1.021
2428.744,0.0999999999999943,0.6000000000000227,-0.1999999999999886,1.219,1.163,-1.214,1.021
2430.264,0.0999999999999943,0.6000000000000227,-0.1999999999999886,1.219,1.163,-1.214,0.985
2433.224,0.0999999999999943,0.6000000000000227,-0.1999999999999886,1.219,1.163,-1.214,0.985
2434.717,0.0999999999999943,0.6000000000000227,-0.1999999999999886,1.219,1.163,-1.214,0.985
2437.922,0.0999999999999943,0.6000000000000227,-0.1999999999999886,1.219,1.163,-1.214,0.985
2439.4390000000003,0.0999999999999943,0.6000000000000227,-0.1999999999999886,1.219,1.163,-1.214,1.021
2440.722,0.0999999999999943,0.6000000000000227,-0.1999999999999886,1.219,1.163,-1.214,1.021
2443.277,0.0999999999999943,0.6000000000000227,-0.1999999999999886,1.219,1.163,-1.214,1.021
2444.775,0.0999999999999943,0.6000000000000227,-0.1999999999999886,1.219,1.163,-1.214,1.021
2446.393,0.0999999999999943,0.6000000000000227,-0.1999999999999886,1.219,1.163,-1.214,0.95
2449.362,0.0999999999999943,0.6000000000000227,-0.1999999999999886,1.219,1.163,-1.214,0.95
2450.822,0.0999999999999943,0.6000000000000227,-0.1999999999999886,1.219,1.163,-1.214,0.95
2453.8030000000003,0.0999999999999943,0.6000000000000227,-0.1999999999999886,1.219,1.163,-1.214,0.95
2455.291,0.0999999999999943,0.6000000000000227,-0.1999999999999886,1.219,1.163,-1.214,0.915
2456.81,0.0999999999999943,0.6000000000000227,-0.1999999999999886,1.219,1.163,-1.214,0.915
2459.576,0.0999999999999943,0.6000000000000227,-0.1999999999999886,1.219,1.163,-1.214,0.915
2463.045,0.0999999999999943,0.6000000000000227,-0.1999999999999886,1.219,1.163,-1.214,0.915
2464.5350000000003,0.0999999999999943,0.6000000000000227,-0.1999999999999886,1.219,1.163,-1.214,0.915
2467.542,0.0999999999999943,0.6000000000000227,-0.1999999999999886,1.219,1.163,-1.214,1.021
2468.876,0.0999999999999943,0.6000000000000227,-0.1999999999999886,1.219,1.163,-1.214,1.021
2470.372,0.0999999999999943,0.6000000000000227,-0.1999999999999886,1.219,1.163,-1.214,1.021
2473.341,0.0999999999999943,0.6000000000000227,-0.1999999999999886,1.219,1.163,-1.214,1.021
2476.322,0.0999999999999943,0.6000000000000227,-0.1999999999999886,1.219,1.163,-1.214,0.916
2479.768,0.0999999999999943,0.6000000000000227,-0.1999999999999886,1.219,1.163,-1.214,0.916
2482.503,0.0999999999999943,0.6000000000000227,-0.1999999999999886,1.219,1.163,-1.214,0.916
2483.992,0.0999999999999943,0.6000000000000227,-0.1999999999999886,1.219,1.163,-1.214,1.056
2485.491,0.0999999999999943,0.6000000000000227,-0.1999999999999886,1.219,1.163,-1.214,1.056
2487.006,0.0999999999999943,0.6000000000000227,-0.1999999999999886,1.219,1.163,-1.214,1.056
2489.961,0.0999999999999943,0.6000000000000227,-0.1999999999999886,1.219,1.163,-1.214,1.056
2491.447,0.0999999999999943,0.6000000000000227,-0.1999999999999886,1.219,1.163,-1.214,0.88
2494.4190000000003,0.0999999999999943,0.6000000000000227,-0.1999999999999886,1.219,1.163,-1.214,0.88
2496.904,0.0999999999999943,0.6000000000000227,-0.1999999999999886,1.219,1.163,-1.214,0.88
2498.8830000000003,0.0999999999999943,0.6000000000000227,-0.1999999999999886,1.219,1.163,-1.214,0.88
2500.871,0.0999999999999943,0.6000000000000227,-0.1999999999999886,1.219,1.163,-1.214,0.986
2502.733,0.0999999999999943,0.6000000000000227,-0.1999999999999886,1.219,1.163,-1.214,0.986
2505.709,0.0999999999999943,0.6000000000000227,-0.1999999999999886,1.219,1.163,-1.214,0.986
2507.694,0.0999999999999943,0.6000000000000227,-0.1999999999999886,1.219,1.163,-1.214,0.986
2509.181,0.0999999999999943,0.6000000000000227,-0.1999999999999886,1.218,1.163,-1.214,0.986
2510.665,0.0999999999999943,0.6000000000000227,-0.1999999999999886,1.218,1.163,-1.214,0.986
2512.153,0.0999999999999943,0.6000000000000227,-0.1999999999999886,1.218,1.163,-1.214,0.986
2513.641,0.0999999999999943,0.6000000000000227,-0.1999999999999886,1.218,1.163,-1.214,0.986
2516.623,0.0999999999999943,0.6000000000000227,-0.1999999999999886,1.218,1.163,-1.214,0.986
2518.105,0.0999999999999943,0.6000000000000227,-0.1999999999999886,1.218,1.163,-1.214,0.951
2519.597,0.0999999999999943,0.6000000000000227,-0.1999999999999886,1.218,1.163,-1.214,0.951
2521.081,0.0999999999999943,0.6000000000000227,-0.1999999999999886,1.218,1.163,-1.214,0.951
2522.573,0.0999999999999943,0.6000000000000227,-0.1999999999999886,1.218,1.163,-1.214,0.951
2525.549,0.0999999999999943,0.6000000000000227,-0.1999999999999886,1.218,1.163,-1.214,0.951
2528.521,0.0999999999999943,0.6000000000000227,-0.1999999999999886,1.218,1.163,-1.214,0.915
2531.997,0.0999999999999943,0.6000000000000227,-0.1999999999999886,1.218,1.163,-1.214,0.915
2533.9770000000003,0.0999999999999943,0.6000000000000227,-0.1999999999999886,1.218,1.163,-1.214,0.915
2536.793,0.0999999999999943,0.6000000000000227,-0.0999999999999943,1.218,1.163,-1.214,0.95
2538.2850000000003,0.0999999999999943,0.6000000000000227,-0.0999999999999943,1.218,1.163,-1.214,0.95
2539.772,0.0999999999999943,0.6000000000000227,-0.0999999999999943,1.218,1.163,-1.214,0.95
2541.286,0.0999999999999943,0.6000000000000227,-0.0999999999999943,1.218,1.163,-1.214,0.95
2544.263,0.0999999999999943,0.6000000000000227,-0.0999999999999943,1.218,1.163,-1.214,0.95
2547.2160000000003,0.0999999999999943,0.6000000000000227,-0.0999999999999943,1.218,1.163,-1.214,0.95
2550.193,0.0999999999999943,0.6000000000000227,-0.0999999999999943,1.218,1.163,-1.214,0.95
2552.712,0.0999999999999943,0.6000000000000227,-0.0999999999999943,1.218,1.163,-1.214,0.95
2555.6800000000003,0.0999999999999943,0.6000000000000227,-0.0999999999999943,1.218,1.163,-1.214,0.951
2558.655,0.0999999999999943,0.6000000000000227,-0.0999999999999943,1.218,1.163,-1.214,0.951
2561.6310000000003,0.0999999999999943,0.6000000000000227,-0.0999999999999943,1.218,1.163,-1.214,0.951
2563.1240000000003,0.0999999999999943,0.6000000000000227,-0.0999999999999943,1.218,1.163,-1.214,0.95
2565.109,0.0999999999999943,0.6000000000000227,-0.0999999999999943,1.218,1.163,-1.214,0.95
2567.589,0.0999999999999943,0.6000000000000227,-0.0999999999999943,1.218,1.163,-1.214,0.95
2569.57,0.0999999999999943,0.6000000000000227,-0.0999999999999943,1.218,1.163,-1.214,0.95
2572.186,0.0999999999999943,0.6000000000000227,-0.0999999999999943,1.218,1.163,-1.214,0.88
2573.653,0.0999999999999943,0.6000000000000227,-0.0999999999999943,1.218,1.163,-1.214,0.88
2576.629,0.0999999999999943,0.6000000000000227,-0.0999999999999943,1.218,1.163,-1.214,0.88
2578.268,0.0999999999999943,0.6000000000000227,-0.0999999999999943,1.218,1.163,-1.214,0.88
2579.799,0.0999999999999943,0.6000000000000227,-0.0999999999999943,1.218,1.163,-1.214,1.056
2582.777,0.0999999999999943,0.6000000000000227,-0.0999999999999943,1.218,1.163,-1.214,1.056
2584.27,0.0999999999999943,0.6000000000000227,-0.0999999999999943,1.218,1.163,-1.214,1.056
2587.25,0.0999999999999943,0.6000000000000227,-0.0999999999999943,1.218,1.163,-1.214,1.056
2588.734,0.0999999999999943,0.6000000000000227,-0.0999999999999943,1.218,1.163,-1.214,1.056
2590.221,0.0999999999999943,0.6000000000000227,-0.0999999999999943,1.218,1.163,-1.214,1.056
2591.71,0.0999999999999943,0.6000000000000227,-0.0999999999999943,1.218,1.163,-1.214,1.056
2593.193,0.0999999999999943,0.6000000000000227,-0.0999999999999943,1.218,1.163,-1.214,1.056
2596.174,0.0999999999999943,0.6000000000000227,-0.0999999999999943,1.218,1.163,-1.214,1.056
2597.657,0.0999999999999943,0.6000000000000227,-0.0999999999999943,1.218,1.163,-1.214,0.985
2600.142,0.0999999999999943,0.6000000000000227,-0.0999999999999943,1.218,1.163,-1.214,0.985
2602.404,0.0999999999999943,0.6000000000000227,-0.0999999999999943,1.218,1.163,-1.214,0.985
2605.159,0.0999999999999943,0.6000000000000227,-0.0999999999999943,1.218,1.163,-1.214,0.985
2608.116,0.0999999999999943,0.6000000000000227,0.0,1.218,1.163,-1.214,0.985
2611.135,0.0999999999999943,0.6000000000000227,0.0,1.218,1.163,-1.214,0.985
2612.555,0.0999999999999943,0.6000000000000227,0.0,1.218,1.163,-1.214,0.985
2614.043,0.0999999999999943,0.5,0.0,1.218,1.163,-1.214,1.021
2615.531,0.0999999999999943,0.5,0.0,1.218,1.163,-1.214,1.021
2618.507,0.0999999999999943,0.5,0.0,1.218,1.163,-1.214,1.021
2619.995,0.0999999999999943,0.5,0.0,1.218,1.163,-1.214,1.021
2621.483,0.0999999999999943,0.5,0.0,1.218,1.163,-1.214,1.021
2624.459,0.0999999999999943,0.5,0.0,1.218,1.163,-1.214,0.951
2625.947,0.0999999999999943,0.5,0.0,1.218,1.163,-1.214,0.951
2627.44,0.0999999999999943,0.5,0.0,1.218,1.163,-1.214,0.951
2630.411,0.0999999999999943,0.5,0.0,1.218,1.163,-1.214,0.951
2631.914,0.0999999999999943,0.5,0.0,1.218,1.163,-1.214,1.021
2634.382,0.0999999999999943,0.5,0.0,1.218,1.163,-1.214,1.021
2636.364,0.0999999999999943,0.5,0.0,1.218,1.163,-1.214,1.021
2639.389,0.0999999999999943,0.5,0.0,1.218,1.163,-1.214,1.021
2642.315,0.0999999999999943,0.5,0.0,1.218,1.163,-1.214,1.021
2643.807,0.0999999999999943,0.5,0.0,1.218,1.163,-1.214,1.021
2646.779,0.0999999999999943,0.5,0.0,1.218,1.163,-1.214,1.021
2648.268,0.0999999999999943,0.5,0.0,1.218,1.163,-1.214,1.021
2649.755,0.0999999999999943,0.5,0.0,1.218,1.163,-1.214,1.021
2652.932,0.0999999999999943,0.5,0.0,1.218,1.163,-1.214,1.021
2654.394,0.0999999999999943,0.5,0.0,1.218,1.163,-1.214,1.021
2657.374,0.0999999999999943,0.5,0.0,1.218,1.163,-1.214,1.021
2660.353,0.0999999999999943,0.5,0.0,1.218,1.163,-1.214,0.95
2661.904,0.0999999999999943,0.5,0.0,1.218,1.163,-1.214,0.95
2663.395,0.0999999999999943,0.5,0.0,1.218,1.163,-1.214,0.95
2665.936,0.0999999999999943,0.5,0.0,1.218,1.163,-1.214,0.95
2669.386,0.0999999999999943,0.5,0.0,1.218,1.163,-1.214,0.915
2671.394,0.0999999999999943,0.5,0.0,1.218,1.163,-1.214,0.915
2672.8540000000003,0.0999999999999943,0.5,0.0,1.218,1.163,-1.214,0.915
2674.365,0.0999999999999943,0.5,0.0,1.218,1.163,-1.214,0.915
2678.3100000000004,0.0999999999999943,0.5,0.0,1.218,1.163,-1.214,0.986
2680.92,0.0999999999999943,0.5,0.0,1.218,1.163,-1.214,0.986
2682.8430000000003,0.0999999999999943,0.5,0.0,1.218,1.163,-1.214,0.986
2684.332,0.0999999999999943,0.5,0.0,1.218,1.163,-1.214,0.95
2685.824,0.0999999999999943,0.5,0.0,1.218,1.163,-1.214,0.95
2687.308,0.0999999999999943,0.5,0.0,1.218,1.163,-1.214,0.95
2688.795,0.0999999999999943,0.5,0.0,1.218,1.163,-1.214,0.95
2691.777,0.0999999999999943,0.5,0.0,1.218,1.163,-1.214,0.95
2693.26,0.0999999999999943,0.5,0.0,1.218,1.163,-1.214,1.021
2694.748,0.0999999999999943,0.5,0.0,1.218,1.163,-1.214,1.021
2696.24,0.0999999999999943,0.5,0.0,1.218,1.163,-1.214,1.021
2699.212,0.0999999999999943,0.5,0.0,1.218,1.163,-1.214,1.021
2700.699,0.0999999999999943,0.5,0.0,1.218,1.163,-1.214,0.986
2703.181,0.0999999999999943,0.5,0.0,1.218,1.163,-1.214,0.986
2704.98,0.0999999999999943,0.5,0.0,1.218,1.163,-1.214,0.986
2707.365,0.0999999999999943,0.5,0.0,1.218,1.163,-1.214,0.986
2708.919,0.0999999999999943,0.5,0.0,1.218,1.163,-1.214,0.986
2710.842,0.0999999999999943,0.5,0.0,1.218,1.163,-1.214,0.986
2713.822,0.0999999999999943,0.5,0.0,1.218,1.163,-1.214,0.986
2716.793,0.0999999999999943,0.5,0.0,1.218,1.163,-1.214,0.986
2718.282,0.0999999999999943,0.5,0.0,1.218,1.163,-1.214,0.986
2719.891,0.0999999999999943,0.5,0.0,1.218,1.163,-1.214,1.021
2721.405,0.0999999999999943,0.5,0.0,1.218,1.163,-1.214,1.021
2722.9,0.0999999999999943,0.5,0.0,1.218,1.163,-1.214,1.021
2724.123,0.0999999999999943,0.5,0.0,1.218,1.163,-1.214,1.021
2726.832,0.0999999999999943,0.5,0.0,1.218,1.163,-1.214,1.021
2728.316,0.0999999999999943,0.5,0.0,1.218,1.163,-1.214,0.88
2731.297,0.0999999999999943,0.5,0.0,1.218,1.163,-1.214,0.88
2732.785,0.0999999999999943,0.5,0.0,1.218,1.163,-1.214,0.88
2736.258,0.0999999999999943,0.5,0.0,1.218,1.163,-1.214,0.88
2738.239,0.0999999999999943,0.5,0.0999999999999943,1.218,1.163,-1.214,1.021
2740.231,0.0999999999999943,0.5,0.0999999999999943,1.218,1.163,-1.214,1.021
2743.202,0.0999999999999943,0.5,0.0999999999999943,1.218,1.163,-1.214,1.021
2744.696,0.0999999999999943,0.5,0.0999999999999943,1.218,1.163,-1.214,0.88
2746.177,0.0999999999999943,0.5,0.0999999999999943,1.218,1.163,-1.214,0.88
2747.754,0.0999999999999943,0.5,0.0999999999999943,1.218,1.163,-1.214,0.88
2749.356,0.0999999999999943,0.5,0.0999999999999943,1.218,1.163,-1.214,0.88
2752.04,0.0999999999999943,0.5,0.0999999999999943,1.218,1.163,-1.214,0.88
2753.531,0.0999999999999943,0.5,0.0999999999999943,1.218,1.163,-1.214,0.986
2755.03,0.0999999999999943,0.5,0.0999999999999943,1.218,1.163,-1.214,0.986
2756.664,0.0999999999999943,0.5,0.0999999999999943,1.218,1.163,-1.214,0.986
2758.152,0.0999999999999943,0.5,0.0999999999999943,1.218,1.163,-1.214,0.986
2759.64,0.0999999999999943,0.5,0.0999999999999943,1.218,1.163,-1.214,0.986
2761.156,0.0999999999999943,0.5,0.0999999999999943,1.218,1.163,-1.214,0.915
2763.918,0.0999999999999943,0.5,0.0999999999999943,1.218,1.163,-1.214,0.915
2765.4100000000003,0.0999999999999943,0.5,0.0999999999999943,1.218,1.163,-1.214,0.915
2766.925,0.0999999999999943,0.5,0.0999999999999943,1.218,1.163,-1.214,0.915
2768.544,0.0999999999999943,0.5,0.0999999999999943,1.218,1.163,-1.214,0.915
2771.982,0.0999999999999943,0.5,0.0999999999999943,1.218,1.163,-1.214,0.95
2773.492,0.0999999999999943,0.5,0.0999999999999943,1.218,1.163,-1.214,0.95
2775.013,0.0999999999999943,0.5,0.0999999999999943,1.218,1.163,-1.214,0.95
2776.461,0.0999999999999943,0.5,0.0999999999999943,1.218,1.163,-1.214,0.95
2777.952,0.0999999999999943,0.5,0.0999999999999943,1.218,1.163,-1.214,1.056
2779.948,0.0999999999999943,0.5,0.0999999999999943,1.218,1.163,-1.214,1.056
2782.93,0.0999999999999943,0.5,0.0999999999999943,1.218,1.163,-1.214,1.056
2784.418,0.0999999999999943,0.5,0.0999999999999943,1.218,1.163,-1.214,1.056
2786.402,0.0999999999999943,0.5,0.0999999999999943,1.218,1.163,-1.214,1.162
2789.374,0.0999999999999943,0.5,0.0999999999999943,1.218,1.163,-1.214,1.162
2792.384,0.0999999999999943,0.5,0.0999999999999943,1.218,1.163,-1.214,1.162
2793.873,0.0999999999999943,0.5,0.0999999999999943,1.218,1.163,-1.214,1.162
2795.355,0.0999999999999943,0.5,0.0999999999999943,1.218,1.163,-1.214,1.021
2796.873,0.0999999999999943,0.5,0.0999999999999943,1.218,1.163,-1.214,1.021
2798.3570000000004,0.0999999999999943,0.5,0.0999999999999943,1.218,1.163,-1.214,1.021
2801.333,0.0999999999999943,0.5,0.0999999999999943,1.218,1.163,-1.214,1.021
2802.825,0.0999999999999943,0.5,0.0999999999999943,1.218,1.163,-1.214,0.915
2805.3140000000003,0.0999999999999943,0.5,0.0999999999999943,1.218,1.163,-1.214,0.915
2807.788,0.0999999999999943,0.5,0.0999999999999943,1.218,1.163,-1.214,0.915
2809.279,0.0999999999999943,0.5,0.0999999999999943,1.218,1.163,-1.214,0.915
2812.257,0.0999999999999943,0.5,0.0999999999999943,1.218,1.163,-1.214,0.915
2813.739,0.0999999999999943,0.5,0.0999999999999943,1.218,1.162,-1.214,1.056
2815.2270000000003,0.0999999999999943,0.5,0.0999999999999943,1.218,1.162,-1.214,1.056
2816.804,0.0999999999999943,0.5,0.0999999999999943,1.218,1.162,-1.214,1.056
2819.7450000000003,0.0999999999999943,0.5,0.0999999999999943,1.218,1.162,-1.214,1.056
2822.727,0.0999999999999943,0.3999999999999772,0.200000000000017,1.218,1.162,-1.214,1.021
2825.709,0.0999999999999943,0.3999999999999772,0.200000000000017,1.218,1.162,-1.214,1.021
2827.179,0.0999999999999943,0.3999999999999772,0.200000000000017,1.218,1.162,-1.214,1.021
2830.155,0.0999999999999943,0.3999999999999772,0.200000000000017,1.218,1.162,-1.214,1.021
2831.388,0.0999999999999943,0.3999999999999772,0.200000000000017,1.218,1.162,-1.214,0.951
2850.238,0.0999999999999943,0.3999999999999772,0.200000000000017,1.218,1.162,-1.214,0.951
2857.678,0.0999999999999943,0.3999999999999772,0.200000000000017,1.218,1.162,-1.214,1.021
2863.134,0.0999999999999943,0.3999999999999772,0.200000000000017,1.218,1.162,-1.214,0.986
2864.623,0.0999999999999943,0.3999999999999772,0.3000000000000113,1.218,1.162,-1.214,1.021
2866.611,0.0999999999999943,0.3999999999999772,0.3000000000000113,1.218,1.162,-1.214,1.021
2868.629,0.0999999999999943,0.3999999999999772,0.3000000000000113,1.218,1.162,-1.214,1.021
2870.577,0.0999999999999943,0.3999999999999772,0.3000000000000113,1.218,1.162,-1.214,1.021
2875.042,0.0999999999999943,0.2999999999999545,0.4000000000000057,1.218,1.162,-1.214,1.021
2878.513,0.0999999999999943,0.2999999999999545,0.4000000000000057,1.218,1.162,-1.214,1.021
2880.513,0.0999999999999943,0.2999999999999545,0.4000000000000057,1.218,1.162,-1.214,1.021
2882.001,0.0999999999999943,0.2999999999999545,0.4000000000000057,1.218,1.162,-1.214,1.021
2884.9770000000003,0.0999999999999943,0.1000000000000227,0.700000000000017,1.218,1.162,-1.215,0.915
2886.53,0.0999999999999943,0.1000000000000227,0.700000000000017,1.218,1.162,-1.215,0.915
2887.953,0.0999999999999943,0.1000000000000227,0.700000000000017,1.218,1.162,-1.215,0.915
2889.468,0.0999999999999943,0.1000000000000227,0.700000000000017,1.218,1.162,-1.215,0.915
2891.9480000000003,0.0999999999999943,0.1000000000000227,0.700000000000017,1.218,1.162,-1.215,0.915
2893.409,0.0999999999999943,0.0,1.0,1.217,1.162,-1.215,0.95
2896.417,0.0999999999999943,0.0,1.0,1.217,1.162,-1.215,0.95
2897.901,0.0999999999999943,0.0,1.0,1.217,1.162,-1.215,0.95
2900.881,0.0999999999999943,0.0,1.0,1.217,1.162,-1.215,0.95
2902.898,0.0999999999999943,0.1000000000000227,1.0,1.217,1.162,-1.215,0.88
2904.3540000000003,0.0999999999999943,0.1000000000000227,1.0,1.217,1.162,-1.215,0.88
2908.317,0.0999999999999943,0.1000000000000227,1.0,1.217,1.162,-1.215,0.88
2910.306,0.0999999999999943,0.1000000000000227,1.0,1.217,1.162,-1.215,0.88
2912.29,0.0999999999999943,0.1000000000000227,0.9000000000000057,1.217,1.162,-1.215,0.951
2915.26,0.0999999999999943,0.1000000000000227,0.9000000000000057,1.217,1.162,-1.215,0.951
2916.7580000000003,0.0999999999999943,0.1000000000000227,0.9000000000000057,1.217,1.162,-1.215,0.951
2919.324,0.0999999999999943,0.1000000000000227,0.9000000000000057,1.217,1.162,-1.215,0.951
2920.8280000000004,0.0999999999999943,0.1000000000000227,0.9000000000000057,1.217,1.162,-1.215,0.916
2923.807,0.0999999999999943,0.1000000000000227,0.9000000000000057,1.217,1.162,-1.215,0.916
2925.299,0.0999999999999943,0.1000000000000227,0.9000000000000057,1.217,1.162,-1.215,0.916
2926.792,0.0999999999999943,0.1000000000000227,0.9000000000000057,1.217,1.162,-1.215,0.916
2929.759,0.0999999999999943,0.1000000000000227,0.9000000000000057,1.217,1.162,-1.215,0.916
2931.246,0.0999999999999943,0.1000000000000227,0.9000000000000057,1.217,1.162,-1.215,0.916
2934.227,0.0999999999999943,0.1000000000000227,0.9000000000000057,1.217,1.162,-1.215,0.916
2935.71,0.0999999999999943,0.1000000000000227,0.9000000000000057,1.217,1.162,-1.215,0.915
2937.198,0.0999999999999943,0.1000000000000227,0.9000000000000057,1.217,1.162,-1.215,0.915
2938.702,0.0999999999999943,0.1000000000000227,0.9000000000000057,1.217,1.162,-1.215,0.915
2942.161,0.0999999999999943,0.1000000000000227,0.9000000000000057,1.217,1.162,-1.215,0.915
2944.175,0.0999999999999943,0.1000000000000227,0.9000000000000057,1.217,1.162,-1.215,0.915
2947.118,0.0999999999999943,0.1000000000000227,0.9000000000000057,1.217,1.162,-1.215,0.809
2950.099,0.0999999999999943,0.1000000000000227,0.9000000000000057,1.217,1.162,-1.215,0.809
2951.587,0.0999999999999943,0.1000000000000227,0.9000000000000057,1.217,1.162,-1.215,0.809
2953.096,0.0999999999999943,0.1000000000000227,1.0,1.217,1.162,-1.215,0.845
2954.404,0.0999999999999943,0.1000000000000227,1.0,1.217,1.162,-1.215,0.845
2956.154,0.0999999999999943,0.1000000000000227,1.0,1.217,1.162,-1.215,0.845
2957.642,0.0999999999999943,0.1000000000000227,1.0,1.217,1.162,-1.215,0.845
2959.13,0.0999999999999943,0.1000000000000227,1.0,1.217,1.162,-1.215,0.845
2960.6240000000003,0.0999999999999943,0.1000000000000227,1.0,1.217,1.162,-1.215,0.845
2963.597,0.0999999999999943,0.1000000000000227,1.0,1.217,1.162,-1.215,0.915
2965.096,0.0999999999999943,0.1000000000000227,1.0,1.217,1.162,-1.215,0.915
2966.5840000000003,0.0999999999999943,0.1000000000000227,1.0,1.217,1.162,-1.215,0.915
2968.072,0.0999999999999943,0.1000000000000227,1.0,1.217,1.162,-1.215,0.915
2969.56,0.0999999999999943,0.1000000000000227,1.0,1.217,1.162,-1.215,0.915
2972.536,0.0999999999999943,0.1000000000000227,1.0,1.217,1.162,-1.215,0.88
2974.024,0.0999999999999943,0.1000000000000227,1.0,1.217,1.162,-1.215,0.88
2976.012,0.0999999999999943,0.1000000000000227,1.0,1.217,1.162,-1.215,0.88
2978.489,0.0999999999999943,0.1000000000000227,1.0,1.217,1.162,-1.215,0.88
2981.495,0.0999999999999943,0.1000000000000227,1.0,1.217,1.162,-1.215,0.88
2982.978,0.0999999999999943,0.1000000000000227,1.0,1.217,1.162,-1.215,0.915
2985.959,0.0999999999999943,0.1000000000000227,1.0,1.217,1.162,-1.215,0.915
2987.443,0.0999999999999943,0.1000000000000227,1.0,1.217,1.162,-1.215,0.915
2988.93,0.0999999999999943,0.1000000000000227,1.0,1.217,1.162,-1.215,1.021
2990.423,0.0999999999999943,0.1000000000000227,1.0,1.217,1.162,-1.215,1.021
2993.4,0.0999999999999943,0.1000000000000227,1.0,1.217,1.162,-1.215,1.021
2994.882,0.0999999999999943,0.1000000000000227,1.0,1.217,1.162,-1.215,1.021
2996.375,0.0999999999999943,0.1000000000000227,1.0,1.217,1.162,-1.215,1.021
2997.858,0.0999999999999943,0.1000000000000227,1.0,1.217,1.162,-1.215,0.88
2999.355,0.0999999999999943,0.1000000000000227,1.0,1.217,1.162,-1.215,0.88
3002.327,0.0999999999999943,0.1000000000000227,1.0,1.217,1.162,-1.215,0.88
3003.815,0.0999999999999943,0.1000000000000227,1.0,1.217,1.162,-1.215,0.88
3005.298,0.0999999999999943,0.1000000000000227,1.0,1.217,1.162,-1.215,0.88
3006.786,0.0999999999999943,0.1000000000000227,1.0,1.217,1.162,-1.215,0.88
3010.757,0.0999999999999943,0.1000000000000227,1.0,1.217,1.162,-1.215,0.88
3012.743,0.0999999999999943,0.1000000000000227,1.0,1.217,1.162,-1.215,0.88
3014.722,0.0999999999999943,0.1000000000000227,1.0,1.217,1.162,-1.215,0.88
3016.21,0.0999999999999943,0.1000000000000227,1.0,1.217,1.162,-1.215,0.88
3019.186,0.0999999999999943,0.1000000000000227,1.0,1.217,1.162,-1.215,0.81
3020.679,0.0999999999999943,0.1000000000000227,1.0,1.217,1.162,-1.215,0.81
3023.252,0.0999999999999943,0.1000000000000227,1.0,1.217,1.162,-1.215,0.81
3024.7670000000003,0.0999999999999943,0.1000000000000227,1.0,1.217,1.162,-1.215,0.81
3026.278,0.0999999999999943,0.1000000000000227,1.0,1.217,1.162,-1.215,0.88
3027.766,0.0999999999999943,0.1000000000000227,1.0,1.217,1.162,-1.215,0.88
3030.747,0.0999999999999943,0.1000000000000227,1.0,1.217,1.162,-1.215,0.88
3032.23,0.0999999999999943,0.1000000000000227,1.0,1.217,1.162,-1.215,0.88
3034.48,0.0999999999999943,0.1000000000000227,1.0,1.217,1.162,-1.215,0.845
3035.934,0.0999999999999943,0.1000000000000227,1.0,1.217,1.162,-1.215,0.845
3038.917,0.0999999999999943,0.1000000000000227,1.0,1.217,1.162,-1.215,0.845
3040.406,0.0999999999999943,0.1000000000000227,1.0,1.217,1.162,-1.215,0.845
3043.382,0.0999999999999943,0.1000000000000227,1.0,1.217,1.162,-1.215,0.88
3046.849,0.0999999999999943,0.1000000000000227,1.0,1.217,1.162,-1.215,0.88
3048.336,0.0999999999999943,0.1000000000000227,1.0,1.217,1.162,-1.215,0.88
3049.874,0.0999999999999943,0.1000000000000227,1.0,1.217,1.162,-1.215,0.88
3052.459,0.0999999999999943,0.1000000000000227,1.0,1.217,1.162,-1.215,0.845
3053.967,0.0999999999999943,0.1000000000000227,1.0,1.217,1.162,-1.215,0.845
3056.927,0.0999999999999943,0.1000000000000227,1.0,1.217,1.162,-1.215,0.845
3058.411,0.0999999999999943,0.1000000000000227,1.0,1.217,1.162,-1.215,0.845
3059.8990000000003,0.0999999999999943,0.1000000000000227,1.0,1.217,1.162,-1.215,0.88
3061.3990000000003,0.0999999999999943,0.1000000000000227,1.0,1.217,1.162,-1.215,0.88
3062.9080000000004,0.0999999999999943,0.1000000000000227,1.0,1.217,1.162,-1.215,0.88
3064.399,0.0999999999999943,0.1000000000000227,1.0,1.217,1.162,-1.215,0.88
3067.382,0.0999999999999943,0.1000000000000227,1.0,1.217,1.162,-1.215,0.88
3070.353,0.0999999999999943,0.1000000000000227,1.0,1.217,1.162,-1.215,0.951
3071.842,0.0999999999999943,0.1000000000000227,1.0,1.217,1.162,-1.215,0.951
3074.822,0.0999999999999943,0.1000000000000227,1.0,1.217,1.162,-1.215,0.951
3077.81,0.0999999999999943,0.1000000000000227,1.0,1.217,1.162,-1.215,0.951
3079.284,0.0999999999999943,0.1000000000000227,1.0,1.217,1.162,-1.215,0.739
3082.78,0.0999999999999943,0.1000000000000227,1.0,1.217,1.162,-1.215,0.739
3084.268,0.0999999999999943,0.1000000000000227,1.0,1.217,1.162,-1.215,0.739
3087.0350000000003,0.0999999999999943,0.1000000000000227,1.0,1.217,1.162,-1.215,0.739
3088.523,0.0999999999999943,0.1000000000000227,1.0,1.217,1.162,-1.215,0.845
3091.503,0.0999999999999943,0.1000000000000227,1.0,1.217,1.162,-1.215,0.845
3092.992,0.0999999999999943,0.1000000000000227,1.0,1.217,1.162,-1.215,0.845
3094.5040000000004,0.0999999999999943,0.1000000000000227,1.0,1.217,1.162,-1.215,0.845
3095.738,0.0999999999999943,0.1000000000000227,1.0,1.217,1.162,-1.215,0.845
3098.253,0.0999999999999943,0.1000000000000227,1.0,1.217,1.162,-1.215,0.845
3099.758,0.0999999999999943,0.1000000000000227,1.0,1.217,1.162,-1.215,0.845
3102.684,0.0999999999999943,0.1000000000000227,1.0,1.217,1.162,-1.215,0.845
3104.23,0.0999999999999943,0.1000000000000227,1.0,1.217,1.162,-1.215,0.915
3107.196,0.0999999999999943,0.1000000000000227,1.0,1.217,1.162,-1.215,0.915
3108.679,0.0999999999999943,0.1000000000000227,1.0,1.217,1.162,-1.215,0.915
3110.167,0.0999999999999943,0.1000000000000227,1.0,1.217,1.162,-1.215,0.915
3113.641,0.0999999999999943,0.1000000000000227,1.0,1.217,1.162,-1.215,0.951
3115.1270000000004,0.0999999999999943,0.1000000000000227,1.0,1.217,1.162,-1.215,0.951
3116.615,0.0999999999999943,0.1000000000000227,1.0,1.217,1.162,-1.215,0.951
3119.635,0.0999999999999943,0.1000000000000227,1.0,1.217,1.162,-1.215,0.951
3121.171,0.0999999999999943,0.1000000000000227,1.0,1.217,1.162,-1.215,0.915
3122.622,0.0999999999999943,0.1000000000000227,1.0,1.217,1.162,-1.215,0.915
3124.11,0.0999999999999943,0.1000000000000227,1.0,1.217,1.162,-1.215,0.915
3125.598,0.0999999999999943,0.1000000000000227,1.0,1.217,1.162,-1.215,0.915
3127.11,0.0999999999999943,0.1000000000000227,1.0,1.217,1.162,-1.215,0.915
3130.062,0.0999999999999943,0.1000000000000227,1.0,1.217,1.162,-1.215,1.021
3131.5550000000003,0.0999999999999943,0.1000000000000227,1.0,1.217,1.162,-1.215,1.021
3133.038,0.0999999999999943,0.1000000000000227,1.0,1.217,1.162,-1.215,1.021
3134.531,0.0999999999999943,0.1000000000000227,1.0,1.217,1.162,-1.215,1.021
3137.5060000000003,0.0999999999999943,0.1000000000000227,1.0,1.217,1.162,-1.215,0.88
3138.994,0.0999999999999943,0.1000000000000227,1.0,1.217,1.162,-1.215,0.88
3140.478,0.0999999999999943,0.1000000000000227,1.0,1.217,1.162,-1.215,0.88
3141.966,0.0999999999999943,0.1000000000000227,1.0,1.217,1.162,-1.215,0.88
3145.024,0.0999999999999943,0.1000000000000227,1.0,1.217,1.162,-1.215,0.88
3147.456,0.0999999999999943,0.1000000000000227,1.0,1.217,1.162,-1.215,0.845
3148.9410000000003,0.0999999999999943,0.1000000000000227,1.0,1.217,1.162,-1.215,0.845
3150.961,0.0999999999999943,0.1000000000000227,1.0,1.217,1.162,-1.215,0.845
3152.473,0.0999999999999943,0.1000000000000227,1.0,1.217,1.162,-1.215,0.845
3155.427,0.0999999999999943,0.1000000000000227,1.0,1.217,1.162,-1.215,0.951
3156.92,0.0999999999999943,0.1000000000000227,1.0,1.217,1.162,-1.215,0.951
3159.8920000000003,0.0999999999999943,0.1000000000000227,1.0,1.217,1.162,-1.215,0.951
3161.3790000000004,0.0999999999999943,0.1000000000000227,1.0,1.217,1.162,-1.215,0.951
3162.8720000000003,0.0999999999999943,0.1000000000000227,1.0,1.217,1.162,-1.215,0.916
3165.851,0.0999999999999943,0.1000000000000227,1.0,1.217,1.162,-1.215,0.916
3167.334,0.0999999999999943,0.1000000000000227,1.0,1.217,1.162,-1.215,0.916
3168.822,0.0999999999999943,0.1000000000000227,1.0,1.217,1.162,-1.215,0.916
3171.798,0.0999999999999943,0.1000000000000227,1.0,1.217,1.162,-1.215,0.916
3173.286,0.0999999999999943,0.1000000000000227,1.0,1.217,1.162,-1.215,0.88
3176.2670000000003,0.0999999999999943,0.1000000000000227,1.0,1.217,1.162,-1.215,0.88
3177.75,0.0999999999999943,0.1000000000000227,1.0,1.217,1.162,-1.215,0.88
3179.238,0.0999999999999943,0.1000000000000227,1.0,1.217,1.162,-1.215,0.845
3181.239,0.0999999999999943,0.1000000000000227,1.0,1.217,1.162,-1.215,0.845
3183.717,0.0999999999999943,0.1000000000000227,1.0,1.217,1.162,-1.215,0.845
3185.205,0.0999999999999943,0.1000000000000227,1.0,1.217,1.162,-1.215,0.845
3186.716,0.0999999999999943,0.1000000000000227,1.0,1.217,1.162,-1.215,0.845
3188.181,0.0999999999999943,0.1000000000000227,1.0,1.217,1.162,-1.215,0.845
3189.668,0.0999999999999943,0.1000000000000227,1.0,1.217,1.162,-1.215,0.95
3192.649,0.0999999999999943,0.1000000000000227,1.0,1.217,1.162,-1.215,0.95
3194.137,0.0999999999999943,0.1000000000000227,1.0,1.217,1.162,-1.215,0.95
3197.108,0.0999999999999943,0.1000000000000227,1.0,1.217,1.162,-1.215,0.95
3198.596,0.0999999999999943,0.1000000000000227,1.0,1.217,1.162,-1.215,0.81
3200.084,0.0999999999999943,0.1000000000000227,1.0,1.217,1.162,-1.215,0.81
3201.572,0.0999999999999943,0.1000000000000227,1.0,1.217,1.162,-1.215,0.81
3204.5530000000003,0.0999999999999943,0.1000000000000227,1.0,1.217,1.162,-1.215,0.81
3207.524,0.0999999999999943,0.1000000000000227,1.0,1.217,1.162,-1.215,0.915
3209.012,0.0999999999999943,0.1000000000000227,1.0,1.217,1.162,-1.215,0.915
3210.5,0.0999999999999943,0.1000000000000227,1.0,1.217,1.162,-1.215,0.915
3211.993,0.0999999999999943,0.1000000000000227,1.0,1.217,1.162,-1.215,0.915
3215.959,0.0999999999999943,0.1000000000000227,1.0,1.217,1.162,-1.215,0.915
3217.9410000000003,0.0999999999999943,0.1000000000000227,1.0,1.217,1.162,-1.215,0.95
3220.9210000000003,0.0999999999999943,0.1000000000000227,1.0,1.217,1.162,-1.215,0.95
3222.409,0.0999999999999943,0.1000000000000227,1.0,1.217,1.162,-1.215,0.95
3225.38,0.0999999999999943,0.1000000000000227,1.0,1.217,1.162,-1.215,0.915
3228.356,0.0999999999999943,0.1000000000000227,1.0,1.217,1.162,-1.215,0.915
3229.844,0.0999999999999943,0.1000000000000227,1.0,1.217,1.162,-1.215,0.915
3231.332,0.0999999999999943,0.1000000000000227,1.0,1.217,1.162,-1.215,0.915
3232.815,0.0999999999999943,0.1000000000000227,1.0,1.217,1.162,-1.215,0.88
3235.786,0.0999999999999943,0.1000000000000227,1.0,1.217,1.162,-1.215,0.88
3237.28,0.0999999999999943,0.1000000000000227,1.0,1.217,1.162,-1.215,0.88
3238.762,0.0999999999999943,0.1000000000000227,1.0,1.217,1.162,-1.215,0.88
3240.255,0.0999999999999943,0.1000000000000227,1.0,1.217,1.162,-1.215,0.88
3242.253,0.0999999999999943,0.1000000000000227,1.0,1.217,1.162,-1.215,0.916
3245.202,0.0999999999999943,0.1000000000000227,1.0,1.217,1.162,-1.215,0.916
3246.689,0.0999999999999943,0.1000000000000227,1.0,1.217,1.162,-1.215,0.916
3251.169,0.0999999999999943,0.1000000000000227,1.0,1.217,1.162,-1.215,0.916
3253.126,0.0999999999999943,0.1000000000000227,1.0,1.217,1.162,-1.215,0.88
3254.614,0.0999999999999943,0.1000000000000227,1.0,1.217,1.162,-1.215,0.88
3257.589,0.0999999999999943,0.1000000000000227,1.0,1.217,1.162,-1.215,0.88
3260.795,0.0999999999999943,0.1000000000000227,1.0,1.217,1.162,-1.215,0.915
3263.772,0.0999999999999943,0.1000000000000227,1.0,1.217,1.162,-1.215,0.915
3265.7560000000003,0.0999999999999943,0.1000000000000227,1.0,1.217,1.162,-1.215,0.915
3268.731,0.0999999999999943,0.1000000000000227,1.0,1.217,1.162,-1.215,0.915
3270.232,0.0999999999999943,0.1000000000000227,1.0,1.217,1.162,-1.215,0.95
3273.234,0.0999999999999943,0.1000000000000227,1.0,1.217,1.162,-1.215,0.95
3275.219,0.0999999999999943,0.1000000000000227,1.0,1.217,1.162,-1.215,0.95
3276.706,0.0999999999999943,0.1000000000000227,1.0,1.217,1.162,-1.215,0.95
3278.723,0.0999999999999943,0.1000000000000227,1.0,1.217,1.162,-1.215,0.986
3281.25,0.0999999999999943,0.1000000000000227,1.0,1.217,1.162,-1.215,0.986
3283.203,0.0999999999999943,0.1000000000000227,1.0,1.217,1.162,-1.215,0.986
3284.719,0.0999999999999943,0.1000000000000227,1.0,1.217,1.162,-1.215,0.986
3286.202,0.0999999999999943,0.1000000000000227,1.0,1.217,1.162,-1.215,0.95
3289.155,0.0999999999999943,0.1000000000000227,1.0,1.217,1.162,-1.215,0.95
3290.6710000000003,0.0999999999999943,0.1000000000000227,1.0,1.217,1.162,-1.215,0.95
3292.131,0.0999999999999943,0.1000000000000227,1.0,1.217,1.162,-1.215,0.95
3293.6420000000003,0.0999999999999943,0.1000000000000227,1.0,1.217,1.162,-1.215,0.95
3296.619,0.0999999999999943,0.1000000000000227,1.0,1.217,1.162,-1.215,0.95
3298.104,0.0999999999999943,0.1000000000000227,1.0,1.217,1.162,-1.215,0.95
3299.596,0.0999999999999943,0.1000000000000227,1.0,1.217,1.162,-1.215,0.95
3302.57,0.0999999999999943,0.1000000000000227,1.0,1.217,1.162,-1.215,0.95
3305.548,0.0999999999999943,0.1000000000000227,1.0,1.217,1.162,-1.215,0.985
3307.009,0.0999999999999943,0.1000000000000227,1.0,1.217,1.162,-1.215,0.985
3310.008,0.0999999999999943,0.1000000000000227,1.0,1.217,1.162,-1.215,0.985
3311.498,0.0999999999999943,0.1000000000000227,1.0,1.217,1.162,-1.215,0.915
3312.986,0.0999999999999943,0.1000000000000227,1.0,1.217,1.162,-1.215,0.915
3314.474,0.0999999999999943,0.1000000000000227,1.0,1.217,1.162,-1.215,0.915
3317.427,0.0999999999999943,0.1000000000000227,1.0,1.217,1.162,-1.215,0.915
3318.939,0.0999999999999943,0.1000000000000227,1.0,1.217,1.162,-1.215,0.845
3320.431,0.0999999999999943,0.1000000000000227,1.0,1.217,1.162,-1.215,0.845
3323.379,0.0999999999999943,0.1000000000000227,1.0,1.217,1.162,-1.215,0.845
3324.89,0.0999999999999943,0.1000000000000227,1.0,1.217,1.162,-1.215,0.845
3328.1130000000003,0.0999999999999943,0.1000000000000227,1.0,1.217,1.162,-1.215,0.845
3331.0930000000003,0.0999999999999943,0.1000000000000227,1.0,1.217,1.162,-1.215,0.845
3333.747,0.0999999999999943,0.1000000000000227,1.0,1.217,1.162,-1.215,0.845
3335.88,0.0999999999999943,0.1000000000000227,1.0,1.217,1.162,-1.215,0.845
3337.393,0.0999999999999943,0.1000000000000227,1.0,1.217,1.162,-1.215,0.915
3340.348,0.0999999999999943,0.1000000000000227,1.0,1.217,1.162,-1.215,0.915
3341.8320000000003,0.0999999999999943,0.1000000000000227,1.0,1.217,1.162,-1.215,0.915
3343.32,0.0999999999999943,0.1000000000000227,1.0,1.217,1.162,-1.215,0.915
3344.808,0.0999999999999943,0.1000000000000227,1.0,1.217,1.162,-1.215,0.915
3347.803,0.0999999999999943,0.1000000000000227,1.0,1.217,1.162,-1.215,0.95
3349.291,0.0999999999999943,0.1000000000000227,1.0,1.217,1.162,-1.215,0.95
3350.775,0.0999999999999943,0.1000000000000227,1.0,1.217,1.162,-1.215,0.95
3352.267,0.0999999999999943,0.1000000000000227,1.0,1.217,1.162,-1.215,0.95
3354.946,0.0999999999999943,0.1000000000000227,1.0,1.217,1.162,-1.215,0.951
3356.4280000000003,0.0999999999999943,0.1000000000000227,1.0,1.217,1.162,-1.215,0.951
3357.916,0.0999999999999943,0.1000000000000227,1.0,1.217,1.162,-1.215,0.951
3359.404,0.0999999999999943,0.1000000000000227,1.0,1.217,1.162,-1.215,0.951
3360.896,0.0999999999999943,0.1000000000000227,1.0,1.217,1.162,-1.215,0.951
3362.38,0.0999999999999943,0.1000000000000227,1.0,1.217,1.162,-1.215,0.81
3363.868,0.0999999999999943,0.1000000000000227,1.0,1.217,1.162,-1.215,0.81
3365.378,0.0999999999999943,0.1000000000000227,1.0,1.217,1.162,-1.215,0.81
3367.901,0.0999999999999943,0.1000000000000227,1.0,1.217,1.162,-1.215,0.81
3370.886,0.0999999999999943,0.1000000000000227,1.0,1.217,1.162,-1.215,0.81
3372.369,0.0999999999999943,0.1000000000000227,1.0,1.217,1.162,-1.215,1.021
3373.858,0.0999999999999943,0.1000000000000227,1.0,1.217,1.162,-1.215,1.021
3375.346,0.0999999999999943,0.1000000000000227,1.0,1.217,1.162,-1.215,1.021
3378.322,0.0999999999999943,0.1000000000000227,1.0,1.217,1.162,-1.215,1.021
3380.3230000000003,0.0999999999999943,0.1000000000000227,1.0,1.217,1.162,-1.215,0.916
3381.814,0.0999999999999943,0.1000000000000227,1.0,1.217,1.162,-1.215,0.916
3383.302,0.0999999999999943,0.1000000000000227,1.0,1.217,1.162,-1.215,0.916
3384.795,0.0999999999999943,0.1000000000000227,1.0,1.217,1.162,-1.215,0.916
3387.766,0.0999999999999943,0.1000000000000227,1.0,1.217,1.162,-1.215,0.916
3389.2540000000004,0.0999999999999943,0.1000000000000227,1.0,1.217,1.162,-1.215,0.88
3390.742,0.0999999999999943,0.1000000000000227,1.0,1.217,1.162,-1.215,0.88
3393.718,0.0999999999999943,0.1000000000000227,1.0,1.217,1.162,-1.215,0.88
3395.218,0.0999999999999943,0.1000000000000227,1.0,1.217,1.162,-1.215,0.81
3396.6980000000003,0.0999999999999943,0.1000000000000227,1.0,1.217,1.162,-1.215,0.81
3398.183,0.0999999999999943,0.1000000000000227,1.0,1.217,1.162,-1.215,0.81
3401.159,0.0999999999999943,0.1000000000000227,1.0,1.217,1.162,-1.215,0.81
3402.6510000000003,0.0999999999999943,0.1000000000000227,1.0,1.217,1.162,-1.215,0.81
3405.6220000000003,0.0999999999999943,0.1000000000000227,1.0,1.217,1.162,-1.215,0.775
3408.603,0.0999999999999943,0.1000000000000227,1.0,1.217,1.162,-1.215,0.775
3410.086,0.0999999999999943,0.1000000000000227,1.0,1.217,1.162,-1.215,0.775
3411.574,0.0999999999999943,0.1000000000000227,1.0,1.217,1.162,-1.215,0.845
3413.0660000000003,0.0999999999999943,0.1000000000000227,1.0,1.217,1.162,-1.215,0.845
3416.052,0.0999999999999943,0.1000000000000227,1.0,1.217,1.162,-1.215,0.845
3419.019,0.0999999999999943,0.1000000000000227,1.0,1.217,1.162,-1.215,0.845
3420.507,0.0999999999999943,0.1000000000000227,1.0,1.217,1.162,-1.215,0.915
3421.99,0.0999999999999943,0.1000000000000227,1.0,1.217,1.162,-1.215,0.915
3423.478,0.0999999999999943,0.1000000000000227,1.0,1.217,1.162,-1.215,0.915
3424.966,0.0999999999999943,0.1000000000000227,1.0,1.217,1.162,-1.215,0.915
3426.455,0.0999999999999943,0.1000000000000227,1.0,1.217,1.162,-1.215,0.915
3429.43,0.0999999999999943,0.1000000000000227,1.0,1.217,1.162,-1.215,0.915
3430.918,0.0999999999999943,0.1000000000000227,1.0,1.217,1.162,-1.215,0.88
3432.406,0.0999999999999943,0.1000000000000227,1.0,1.217,1.162,-1.215,0.88
3433.899,0.0999999999999943,0.1000000000000227,1.0,1.217,1.162,-1.215,0.88
3436.874,0.0999999999999943,0.1000000000000227,1.0,1.217,1.162,-1.215,0.88
3438.358,0.0999999999999943,0.1000000000000227,1.0,1.217,1.162,-1.215,0.986
3439.865,0.0999999999999943,0.1000000000000227,1.0,1.217,1.162,-1.215,0.986
3441.334,0.0999999999999943,0.1000000000000227,1.0,1.217,1.162,-1.215,0.986
3442.822,0.0999999999999943,0.1000000000000227,1.0,1.217,1.162,-1.215,0.986
3445.804,0.0999999999999943,0.1000000000000227,1.0,1.217,1.162,-1.215,0.986
3447.286,0.0999999999999943,0.1000000000000227,1.0,1.217,1.162,-1.215,1.056
3448.779,0.0999999999999943,0.1000000000000227,1.0,1.217,1.162,-1.215,1.056
3450.262,0.0999999999999943,0.1000000000000227,1.0,1.217,1.162,-1.215,1.056
3453.239,0.0999999999999943,0.1000000000000227,1.0,1.217,1.162,-1.215,1.056
3454.728,0.0999999999999943,0.1000000000000227,1.0,1.217,1.162,-1.215,0.88
3457.703,0.0999999999999943,0.1000000000000227,1.0,1.217,1.162,-1.215,0.88
3460.6780000000003,0.0999999999999943,0.1000000000000227,1.0,1.217,1.162,-1.215,0.88
3462.166,0.0999999999999943,0.1000000000000227,1.0,1.217,1.162,-1.215,0.88
3465.145,0.0999999999999943,0.1000000000000227,1.0,1.217,1.162,-1.215,0.915
3468.121,0.0999999999999943,0.1000000000000227,1.0,1.217,1.162,-1.215,0.915
3469.608,0.0999999999999943,0.1000000000000227,1.0,1.217,1.162,-1.215,0.915
3472.619,0.0999999999999943,0.1000000000000227,1.0,1.217,1.162,-1.215,0.88
3475.593,0.0999999999999943,0.1000000000000227,1.0,1.217,1.162,-1.215,0.88
3477.048,0.0999999999999943,0.1000000000000227,1.0,1.217,1.162,-1.215,0.88
3478.56,0.0999999999999943,0.1000000000000227,1.0,1.217,1.162,-1.215,0.88
3480.581,0.0999999999999943,0.1000000000000227,1.0,1.217,1.162,-1.215,0.951
3482.0950000000003,0.0999999999999943,0.1000000000000227,1.0,1.217,1.162,-1.215,0.951
3486.0440000000003,0.0999999999999943,0.1000000000000227,1.0,1.217,1.162,-1.215,0.951
3491.023,0.0999999999999943,0.1000000000000227,1.0,1.217,1.162,-1.215,0.951
3498.439,0.0999999999999943,0.1000000000000227,1.0,1.217,1.162,-1.215,0.951
3499.952,0.0999999999999943,0.1000000000000227,1.0,1.217,1.162,-1.215,0.951
3502.904,0.0999999999999943,0.1000000000000227,1.0,1.217,1.162,-1.215,0.951
3505.903,0.0999999999999943,0.1000000000000227,1.0,1.217,1.162,-1.215,0.951
3513.343,0.0999999999999943,0.1000000000000227,1.0,1.217,1.162,-1.215,0.88
3517.311,0.0999999999999943,0.1000000000000227,1.0,1.217,1.162,-1.215,0.88
3520.288,0.0999999999999943,0.1000000000000227,1.0,1.217,1.162,-1.215,0.88
3523.749,0.0999999999999943,0.1000000000000227,1.0,1.217,1.162,-1.215,0.88
3528.208,0.0999999999999943,0.1000000000000227,1.0,1.217,1.162,-1.215,0.915
3532.6620000000003,0.0999999999999943,0.1000000000000227,1.0,1.217,1.162,-1.215,0.915
3534.151,0.0999999999999943,0.1000000000000227,1.0,1.217,1.162,-1.215,0.915
3537.127,0.0999999999999943,0.1000000000000227,1.0,1.217,1.162,-1.215,0.81
3541.59,0.0999999999999943,0.1000000000000227,1.0,1.217,1.162,-1.215,0.81
3546.054,0.0999999999999943,0.1000000000000227,1.0,1.217,1.162,-1.215,0.81
3547.543,0.0999999999999943,0.1000000000000227,1.0,1.217,1.162,-1.215,0.774
3556.471,0.0999999999999943,0.1000000000000227,1.0,1.217,1.162,-1.215,0.774
3559.447,0.0999999999999943,0.1000000000000227,1.0,1.217,1.162,-1.215,0.774
3565.4,0.0999999999999943,0.1000000000000227,1.0,1.217,1.162,-1.215,0.88
3571.849,0.0999999999999943,0.1000000000000227,1.0,1.217,1.162,-1.215,0.88
3574.824,0.0999999999999943,0.1000000000000227,1.0,1.217,1.162,-1.215,0.88
3584.264,0.0999999999999943,0.1000000000000227,1.0,1.217,1.162,-1.215,0.915
3586.742,0.0999999999999943,0.1000000000000227,1.0,1.217,1.162,-1.215,0.915
3588.2290000000003,0.0999999999999943,0.1000000000000227,1.0,1.217,1.162,-1.215,0.915
3591.205,0.0999999999999943,0.1000000000000227,1.0,1.217,1.162,-1.215,0.915
3592.693,0.0999999999999943,0.1000000000000227,1.0,1.217,1.162,-1.215,0.951
3594.181,0.0999999999999943,0.1000000000000227,1.0,1.217,1.162,-1.215,0.951
3595.67,0.0999999999999943,0.1000000000000227,1.0,1.217,1.162,-1.215,0.951
3598.645,0.0999999999999943,0.1000000000000227,1.0,1.217,1.162,-1.215,0.951
3600.133,0.0999999999999943,0.1000000000000227,1.0,1.217,1.162,-1.215,0.951
3601.622,0.0999999999999943,0.1000000000000227,1.0,1.217,1.162,-1.215,0.985
3604.597,0.0999999999999943,0.1000000000000227,1.0,1.217,1.162,-1.215,0.985
3606.086,0.0999999999999943,0.1000000000000227,1.0,1.217,1.162,-1.215,0.985
3609.061,0.0999999999999943,0.1000000000000227,1.0,1.217,1.162,-1.215,0.985
3610.55,0.0999999999999943,0.1000000000000227,1.0,1.217,1.162,-1.215,0.88
3613.525,0.0999999999999943,0.1000000000000227,1.0,1.217,1.162,-1.215,0.88
3615.013,0.0999999999999943,0.1000000000000227,1.0,1.217,1.162,-1.215,0.88
3617.989,0.0999999999999943,0.1000000000000227,1.0,1.217,1.162,-1.215,0.88
3620.973,0.0999999999999943,0.1000000000000227,1.0,1.217,1.162,-1.215,0.916
3622.95,0.0999999999999943,0.1000000000000227,1.0,1.217,1.162,-1.215,0.916
3624.439,0.0999999999999943,0.1000000000000227,1.0,1.217,1.162,-1.215,0.916
3625.926,0.0999999999999943,0.1000000000000227,1.0,1.217,1.162,-1.215,0.916
3628.901,0.0999999999999943,0.1000000000000227,1.0,1.217,1.162,-1.215,1.021
3630.39,0.0999999999999943,0.1000000000000227,1.0,1.217,1.162,-1.215,1.021
3631.877,0.0999999999999943,0.1000000000000227,1.0,1.217,1.162,-1.215,1.021
3633.365,0.0999999999999943,0.1000000000000227,1.0,1.217,1.162,-1.215,1.021
3636.341,0.0999999999999943,0.1000000000000227,1.0,1.217,1.162,-1.215,1.021
3639.317,0.0999999999999943,0.1000000000000227,1.0,1.217,1.162,-1.215,0.88
3640.806,0.0999999999999943,0.1000000000000227,1.0,1.217,1.162,-1.215,0.88
3642.293,0.0999999999999943,0.1000000000000227,1.0,1.217,1.162,-1.215,0.88
3643.998,0.0999999999999943,0.1000000000000227,1.0,1.217,1.162,-1.215,0.951
3646.757,0.0999999999999943,0.1000000000000227,1.0,1.217,1.162,-1.215,0.951
3649.733,0.0999999999999943,0.1000000000000227,1.0,1.217,1.162,-1.215,0.951
3651.221,0.0999999999999943,0.1000000000000227,1.0,1.217,1.162,-1.215,0.951
3652.709,0.0999999999999943,0.1000000000000227,1.0,1.217,1.162,-1.215,0.88
3654.197,0.0999999999999943,0.1000000000000227,1.0,1.217,1.162,-1.215,0.88
3657.173,0.0999999999999943,0.1000000000000227,1.0,1.217,1.162,-1.215,0.88
3658.661,0.0999999999999943,0.1000000000000227,1.0,1.217,1.162,-1.215,0.88
3660.149,0.0999999999999943,0.1000000000000227,1.0,1.217,1.162,-1.215,0.915
3661.637,0.0999999999999943,0.1000000000000227,1.0,1.217,1.162,-1.215,0.915
3663.126,0.0999999999999943,0.1000000000000227,1.0,1.217,1.162,-1.215,0.915
3664.613,0.0999999999999943,0.1000000000000227,1.0,1.217,1.162,-1.215,0.915
3667.592,0.0999999999999943,0.1000000000000227,1.0,1.217,1.162,-1.215,0.915
3669.078,0.0999999999999943,0.1000000000000227,1.0,1.217,1.162,-1.215,0.915
3670.566,0.0999999999999943,0.1000000000000227,1.0,1.217,1.162,-1.215,0.915
3673.542,0.0999999999999943,0.1000000000000227,1.0,1.217,1.162,-1.215,0.915
3675.03,0.0999999999999943,0.1000000000000227,1.0,1.217,1.162,-1.215,0.915
3678.006,0.0999999999999943,0.1000000000000227,1.0,1.217,1.162,-1.215,0.88
3679.495,0.0999999999999943,0.1000000000000227,1.0,1.217,1.162,-1.215,0.88
3680.995,0.0999999999999943,0.1000000000000227,1.0,1.217,1.162,-1.215,0.88
3682.484,0.0999999999999943,0.1000000000000227,1.0,1.217,1.162,-1.215,0.88
3685.46,0.0999999999999943,0.1000000000000227,1.0,1.217,1.162,-1.215,0.88
3686.948,0.0999999999999943,0.1000000000000227,1.0,1.217,1.162,-1.215,0.88
3688.436,0.0999999999999943,0.1000000000000227,1.0,1.217,1.162,-1.215,0.88
3689.924,0.0999999999999943,0.1000000000000227,1.0,1.217,1.162,-1.215,0.88
3692.9,0.0999999999999943,0.1000000000000227,1.0,1.217,1.162,-1.215,0.88
3694.388,0.0999999999999943,0.1000000000000227,1.0,1.217,1.162,-1.215,0.88
3695.877,0.0999999999999943,0.1000000000000227,1.0,1.217,1.162,-1.215,0.88
3697.364,0.0999999999999943,0.1000000000000227,1.0,1.217,1.162,-1.215,0.88
3700.34,0.0999999999999943,0.1000000000000227,1.0,1.217,1.162,-1.215,0.88
3703.316,0.0999999999999943,0.1000000000000227,1.0,1.217,1.162,-1.215,0.88
3704.804,0.0999999999999943,0.1000000000000227,1.0,1.217,1.162,-1.215,0.88
3706.292,0.0999999999999943,0.1000000000000227,1.0,1.217,1.162,-1.215,0.88
3709.268,0.0999999999999943,0.1000000000000227,1.0,1.217,1.162,-1.215,0.88
3710.756,0.0999999999999943,0.1000000000000227,1.0,1.217,1.162,-1.215,0.81
3713.732,0.0999999999999943,0.1000000000000227,1.0,1.217,1.162,-1.215,0.81
3715.221,0.0999999999999943,0.1000000000000227,1.0,1.217,1.162,-1.215,0.81
3716.708,0.0999999999999943,0.1000000000000227,1.0,1.217,1.162,-1.215,1.02
3718.196,0.0999999999999943,0.1000000000000227,1.0,1.217,1.162,-1.215,1.02
3721.173,0.0999999999999943,0.1000000000000227,1.0,1.217,1.162,-1.215,1.02
3722.661,0.0999999999999943,0.1000000000000227,1.0,1.217,1.162,-1.215,1.02
3724.149,0.0999999999999943,0.1000000000000227,1.0,1.217,1.162,-1.215,1.02
3725.636,0.0999999999999943,0.1000000000000227,1.0,1.217,1.162,-1.215,0.845
3728.613,0.0999999999999943,0.1000000000000227,1.0,1.217,1.162,-1.215,0.845
3730.101,0.0999999999999943,0.1000000000000227,1.0,1.217,1.162,-1.215,0.845
3731.588,0.0999999999999943,0.1000000000000227,1.0,1.217,1.162,-1.215,0.845
3733.077,0.0999999999999943,0.1000000000000227,1.0,1.217,1.162,-1.215,0.845
3736.053,0.0999999999999943,0.1000000000000227,1.0,1.217,1.162,-1.215,0.985
3737.541,0.0999999999999943,0.1000000000000227,1.0,1.217,1.162,-1.215,0.985
3739.029,0.0999999999999943,0.1000000000000227,1.0,1.217,1.162,-1.215,0.985
3742.004,0.0999999999999943,0.1000000000000227,1.0,1.217,1.162,-1.215,0.985
3743.492,0.0999999999999943,0.1000000000000227,1.0,1.217,1.162,-1.215,0.88
3744.98,0.0999999999999943,0.1000000000000227,1.0,1.217,1.162,-1.215,0.88
3746.468,0.0999999999999943,0.1000000000000227,1.0,1.217,1.162,-1.215,0.88
3747.956,0.0999999999999943,0.1000000000000227,1.0,1.217,1.162,-1.215,0.88
3750.933,0.0999999999999943,0.1000000000000227,1.0,1.217,1.162,-1.215,0.88
3752.42,0.0999999999999943,0.1000000000000227,1.0,1.217,1.162,-1.215,0.739
3753.908,0.0999999999999943,0.1000000000000227,1.0,1.217,1.162,-1.215,0.739
3756.885,0.0999999999999943,0.1000000000000227,1.0,1.217,1.162,-1.215,0.739
3758.373,0.0999999999999943,0.1000000000000227,1.0,1.217,1.162,-1.215,0.95
3759.861,0.0999999999999943,0.1000000000000227,1.0,1.217,1.162,-1.215,0.95
3761.349,0.0999999999999943,0.1000000000000227,1.0,1.217,1.162,-1.215,0.95
3762.836,0.0999999999999943,0.1000000000000227,1.0,1.217,1.162,-1.215,0.95
3764.324,0.0999999999999943,0.1000000000000227,1.0,1.217,1.162,-1.215,0.95
3765.815,0.0999999999999943,0.1000000000000227,1.0,1.217,1.162,-1.215,0.95
3768.792,0.0999999999999943,0.1000000000000227,1.0,1.217,1.162,-1.215,0.845
3770.279,0.0999999999999943,0.1000000000000227,1.0,1.217,1.162,-1.215,0.845
3771.767,0.0999999999999943,0.1000000000000227,1.0,1.217,1.162,-1.215,0.845
3773.255,0.0999999999999943,0.1000000000000227,1.0,1.217,1.162,-1.215,0.845
3776.231,0.0999999999999943,0.1000000000000227,1.0,1.217,1.162,-1.215,0.915
3777.72,0.0999999999999943,0.1000000000000227,1.0,1.217,1.162,-1.215,0.915
3779.208,0.0999999999999943,0.1000000000000227,1.0,1.217,1.162,-1.215,0.915
3781.203,0.0999999999999943,0.1000000000000227,1.0,1.217,1.162,-1.215,0.915
3782.692,0.0999999999999943,0.1000000000000227,1.0,1.217,1.162,-1.215,0.915
3784.18,0.0999999999999943,0.1000000000000227,1.0,1.217,1.162,-1.215,0.915
3787.156,0.0999999999999943,0.1000000000000227,1.0,1.217,1.162,-1.215,0.915
3788.644,0.0999999999999943,0.1000000000000227,1.0,1.217,1.162,-1.215,0.915
3790.132,0.0999999999999943,0.1000000000000227,1.0,1.217,1.162,-1.215,0.915
3793.107,0.0999999999999943,0.1000000000000227,1.0,1.217,1.162,-1.215,0.95
3794.596,0.0999999999999943,0.1000000000000227,1.0,1.217,1.162,-1.215,0.95
3796.084,0.0999999999999943,0.1000000000000227,1.0,1.217,1.162,-1.215,0.95
3797.572,0.0999999999999943,0.1000000000000227,1.0,1.217,1.162,-1.215,0.95
3800.547,0.0999999999999943,0.1000000000000227,1.0,1.217,1.162,-1.215,0.845
3802.035,0.0999999999999943,0.1000000000000227,1.0,1.217,1.162,-1.215,0.845
3803.525,0.0999999999999943,0.1000000000000227,1.0,1.217,1.162,-1.215,0.845
3805.012,0.0999999999999943,0.1000000000000227,1.0,1.217,1.162,-1.215,0.845
3807.989,0.0999999999999943,0.1000000000000227,1.0,1.217,1.162,-1.215,0.845
3809.476,0.0999999999999943,0.1000000000000227,1.0,1.217,1.162,-1.215,0.88
3810.965,0.0999999999999943,0.1000000000000227,1.0,1.217,1.162,-1.215,0.88
3812.453,0.0999999999999943,0.1000000000000227,1.0,1.217,1.162,-1.215,0.88
3813.94,0.0999999999999943,0.1000000000000227,1.0,1.217,1.162,-1.215,0.88
3815.429,0.0999999999999943,0.1000000000000227,1.0,1.217,1.162,-1.215,0.845
3818.405,0.0999999999999943,0.1000000000000227,1.0,1.217,1.162,-1.215,0.845
3822.868,0.0999999999999943,0.1000000000000227,1.0,1.217,1.162,-1.215,0.845
3825.844,0.0999999999999943,0.1000000000000227,1.0,1.217,1.162,-1.215,0.845
3828.821,0.0999999999999943,0.1000000000000227,1.0,1.217,1.162,-1.215,0.845
3830.31,0.0999999999999943,0.1000000000000227,1.0,1.217,1.162,-1.215,0.845
3831.796,0.0999999999999943,0.1000000000000227,1.0,1.217,1.162,-1.215,0.845
3833.284,0.0999999999999943,0.1000000000000227,1.0,1.217,1.162,-1.215,0.845
3836.26,0.0999999999999943,0.1000000000000227,1.0,1.217,1.162,-1.215,0.88
3837.748,0.0999999999999943,0.1000000000000227,1.0,1.217,1.162,-1.215,0.88
3840.724,0.0999999999999943,0.1000000000000227,1.0,1.217,1.162,-1.215,0.88
3842.212,0.0999999999999943,0.1000000000000227,1.0,1.217,1.162,-1.215,0.88
3845.188,0.0999999999999943,0.1000000000000227,1.0,1.217,1.162,-1.215,0.88
3875.446,0.0999999999999943,0.1000000000000227,1.0,1.217,1.162,-1.215,0.88
3876.935,0.0999999999999943,0.1000000000000227,1.0,1.217,1.162,-1.215,0.951
3879.91,0.0999999999999943,0.1000000000000227,1.0,1.217,1.162,-1.215,0.951
3881.91,0.0999999999999943,0.1000000000000227,1.0,1.217,1.162,-1.215,0.951
3883.894,0.0999999999999943,0.1000000000000227,1.0,1.217,1.162,-1.215,0.951
3885.382,0.0999999999999943,0.1000000000000227,1.0,1.217,1.162,-1.215,0.951
3888.359,0.0999999999999943,0.1000000000000227,1.0,1.217,1.162,-1.215,0.951
3891.334,0.0999999999999943,0.1000000000000227,1.0,1.217,1.162,-1.215,0.88
3892.822,0.0999999999999943,0.1000000000000227,1.0,1.217,1.162,-1.215,0.88
3894.31,0.0999999999999943,0.1000000000000227,1.0,1.217,1.162,-1.215,0.88
3897.286,0.0999999999999943,0.1000000000000227,1.0,1.217,1.162,-1.215,0.88
3898.774,0.0999999999999943,0.1000000000000227,1.0,1.217,1.162,-1.215,0.88
3901.75,0.0999999999999943,0.1000000000000227,1.0,1.217,1.162,-1.215,0.88
3903.238,0.0999999999999943,0.1000000000000227,1.0,1.217,1.162,-1.215,0.88
3904.726,0.0999999999999943,0.1000000000000227,1.0,1.217,1.162,-1.215,0.88
3906.214,0.0999999999999943,0.1000000000000227,1.0,1.217,1.162,-1.215,0.951
3909.19,0.0999999999999943,0.1000000000000227,1.0,1.217,1.162,-1.215,0.951
3910.678,0.0999999999999943,0.1000000000000227,1.0,1.217,1.162,-1.215,0.951
3912.166,0.0999999999999943,0.1000000000000227,1.0,1.217,1.162,-1.215,0.951
3915.142,0.0999999999999943,0.1000000000000227,1.0,1.217,1.162,-1.215,0.88
3918.118,0.0999999999999943,0.1000000000000227,1.0,1.217,1.162,-1.215,0.88
3919.606,0.0999999999999943,0.1000000000000227,1.0,1.217,1.162,-1.215,0.88
3921.095,0.0999999999999943,0.1000000000000227,1.0,1.217,1.162,-1.215,0.88
3922.582,0.0999999999999943,0.1000000000000227,1.0,1.217,1.162,-1.215,0.915
3925.558,0.0999999999999943,0.1000000000000227,1.0,1.217,1.162,-1.215,0.915
3927.046,0.0999999999999943,0.1000000000000227,1.0,1.217,1.162,-1.215,0.915
3928.534,0.0999999999999943,0.1000000000000227,1.0,1.217,1.162,-1.215,0.915
3930.022,0.0999999999999943,0.1000000000000227,1.0,1.217,1.162,-1.215,0.915
3932.998,0.0999999999999943,0.1000000000000227,1.0,1.217,1.162,-1.215,0.951
3934.486,0.0999999999999943,0.1000000000000227,1.0,1.217,1.162,-1.215,0.951
3937.462,0.0999999999999943,0.1000000000000227,1.0,1.217,1.162,-1.215,0.951
3938.95,0.0999999999999943,0.1000000000000227,1.0,1.217,1.162,-1.215,0.845
3940.438,0.0999999999999943,0.1000000000000227,1.0,1.217,1.162,-1.215,0.845
3941.926,0.0999999999999943,0.1000000000000227,1.0,1.217,1.162,-1.215,0.845
3944.906,0.0999999999999943,0.1000000000000227,1.0,1.217,1.162,-1.215,0.845
3946.391,0.0999999999999943,0.1000000000000227,1.0,1.217,1.162,-1.215,0.845
3947.878,0.0999999999999943,0.1000000000000227,1.0,1.217,1.162,-1.215,0.88
3951.35,0.0999999999999943,0.1000000000000227,1.0,1.217,1.162,-1.215,0.88
3952.871,0.0999999999999943,0.1000000000000227,1.0,1.217,1.162,-1.215,0.88
3955.814,0.0999999999999943,0.1000000000000227,1.0,1.217,1.162,-1.215,0.88
3957.302,0.0999999999999943,0.1000000000000227,1.0,1.217,1.162,-1.215,0.88
3960.278,0.0999999999999943,0.1000000000000227,1.0,1.217,1.162,-1.215,0.88
3961.799,0.0999999999999943,0.1000000000000227,1.0,1.217,1.162,-1.215,0.88
3964.775,0.0999999999999943,0.1000000000000227,1.0,1.217,1.162,-1.215,0.916
3967.786,0.0999999999999943,0.1000000000000227,1.0,1.217,1.162,-1.215,0.916
3969.274,0.0999999999999943,0.1000000000000227,1.0,1.217,1.162,-1.215,0.916
3970.762,0.0999999999999943,0.1000000000000227,1.0,1.217,1.162,-1.215,0.916
3972.239,0.0999999999999943,0.1000000000000227,1.0,1.217,1.162,-1.215,0.845
3975.218,0.0999999999999943,0.1000000000000227,1.0,1.217,1.162,-1.215,0.845
3977.7,0.0999999999999943,0.1000000000000227,1.0,1.217,1.162,-1.215,0.845
3979.162,0.0999999999999943,0.1000000000000227,1.0,1.217,1.162,-1.215,0.845
3981.709,0.0999999999999943,0.1000000000000227,1.0,1.217,1.162,-1.215,0.88
3984.711,0.0999999999999943,0.1000000000000227,1.0,1.217,1.162,-1.215,0.88
3986.201,0.0999999999999943,0.1000000000000227,1.0,1.217,1.162,-1.215,0.88
3987.684,0.0999999999999943,0.1000000000000227,1.0,1.217,1.162,-1.215,0.88
3989.174,0.0999999999999943,0.1000000000000227,1.0,1.217,1.162,-1.215,0.88
3992.151,0.0999999999999943,0.1000000000000227,1.0,1.217,1.162,-1.215,0.88
3994.632,0.0999999999999943,0.1000000000000227,1.0,1.217,1.162,-1.215,0.88
3996.119,0.0999999999999943,0.1000000000000227,1.0,1.217,1.162,-1.215,0.88
3997.607,0.0999999999999943,0.1000000000000227,1.0,1.217,1.162,-1.215,0.88
4000.582,0.0999999999999943,0.1000000000000227,1.0,1.217,1.162,-1.215,0.88
4002.047,0.0999999999999943,0.1000000000000227,1.0,1.217,1.162,-1.215,0.88
4003.556,0.0999999999999943,0.1000000000000227,1.0,1.217,1.162,-1.215,0.88
4005.047,0.0999999999999943,0.1000000000000227,1.0,1.217,1.162,-1.215,0.95
4006.534,0.0999999999999943,0.1000000000000227,1.0,1.217,1.162,-1.215,0.95
4008.022,0.0999999999999943,0.1000000000000227,1.0,1.217,1.162,-1.215,0.95
4010.999,0.0999999999999943,0.1000000000000227,1.0,1.217,1.162,-1.215,0.95
4013.977,0.0999999999999943,0.1000000000000227,1.0,1.217,1.162,-1.215,0.95
4016.4540000000006,0.0999999999999943,0.1000000000000227,1.0,1.217,1.162,-1.215,0.986
4017.945,0.0999999999999943,0.1000000000000227,1.0,1.217,1.162,-1.215,0.986
4020.895,0.0999999999999943,0.1000000000000227,1.0,1.217,1.162,-1.215,0.986
4023.894,0.0999999999999943,0.1000000000000227,1.0,1.217,1.162,-1.215,0.915
4025.382,0.0999999999999943,0.1000000000000227,1.0,1.217,1.162,-1.215,0.915
4026.874,0.0999999999999943,0.1000000000000227,1.0,1.217,1.162,-1.215,0.915
4028.335,0.0999999999999943,0.1000000000000227,1.0,1.217,1.162,-1.215,0.915
4029.849,0.0999999999999943,0.1000000000000227,1.0,1.217,1.162,-1.215,0.915
4032.825,0.0999999999999943,0.1000000000000227,1.0,1.217,1.162,-1.215,0.915
4034.31,0.0999999999999943,0.1000000000000227,1.0,1.217,1.162,-1.215,0.915
4035.775,0.0999999999999943,0.1000000000000227,1.0,1.217,1.162,-1.215,0.915
4037.286,0.0999999999999943,0.1000000000000227,1.0,1.217,1.162,-1.215,0.915
4040.262,0.0999999999999943,0.1000000000000227,1.0,1.217,1.162,-1.215,0.95
4041.751,0.0999999999999943,0.1000000000000227,1.0,1.217,1.162,-1.215,0.95
4043.236,0.0999999999999943,0.1000000000000227,1.0,1.217,1.162,-1.215,0.95
4044.730000000001,0.0999999999999943,0.1000000000000227,1.0,1.217,1.162,-1.215,0.95
4047.703,0.0999999999999943,0.1000000000000227,1.0,1.217,1.162,-1.215,0.95
4050.182,0.0999999999999943,0.1000000000000227,1.0,1.217,1.162,-1.215,0.845
4052.166,0.0999999999999943,0.1000000000000227,1.0,1.217,1.162,-1.215,0.845
4053.658,0.0999999999999943,0.1000000000000227,1.0,1.217,1.162,-1.215,0.845
4056.633,0.0999999999999943,0.1000000000000227,1.0,1.217,1.162,-1.215,0.915
4058.095,0.0999999999999943,0.1000000000000227,1.0,1.217,1.162,-1.215,0.915
4062.11,0.0999999999999943,0.1000000000000227,1.0,1.217,1.162,-1.215,0.915
4066.221,0.0999999999999943,0.1000000000000227,1.0,1.217,1.162,-1.215,0.915
4074.711,0.0999999999999943,0.1000000000000227,1.0,1.217,1.162,-1.215,0.845
4078.221,0.0999999999999943,0.1000000000000227,1.0,1.217,1.162,-1.215,0.845
4080.205,0.0999999999999943,0.1000000000000227,1.0,1.217,1.162,-1.215,0.845
4085.931000000001,0.0999999999999943,0.1000000000000227,1.0,1.217,1.162,-1.215,0.845
4089.894,0.0999999999999943,0.1000000000000227,1.0,1.217,1.162,-1.215,0.845
4094.423,0.0999999999999943,0.1000000000000227,1.0,1.217,1.162,-1.215,0.845
4095.912,0.0999999999999943,0.1000000000000227,1.0,1.217,1.162,-1.215,0.915
4097.894,0.0999999999999943,0.1000000000000227,1.0,1.217,1.162,-1.215,0.915
4100.374000000001,0.0999999999999943,0.1000000000000227,1.0,1.217,1.162,-1.215,0.915
4132.212,0.0999999999999943,0.1000000000000227,1.0,1.217,1.162,-1.215,0.915
4135.186,0.0999999999999943,0.1000000000000227,1.0,1.217,1.162,-1.215,0.915
4149.130999999999,0.0999999999999943,0.1000000000000227,1.0,1.217,1.162,-1.215,0.915
4154.084,0.0999999999999943,0.1000000000000227,1.0,1.217,1.162,-1.215,0.88
4159.543000000001,0.0999999999999943,0.1000000000000227,1.0,1.217,1.162,-1.215,0.88
4161.524,0.0999999999999943,0.1000000000000227,1.0,1.217,1.162,-1.215,0.915
4181.888,0.0999999999999943,0.1000000000000227,1.0,1.217,1.162,-1.215,0.915
4193.802,0.0999999999999943,0.1000000000000227,1.0,1.217,1.162,-1.215,0.951
4195.79,0.0999999999999943,0.1000000000000227,1.0,1.217,1.162,-1.215,0.951
4198.268,0.0999999999999943,0.1000000000000227,1.0,1.217,1.162,-1.215,0.951
4203.823,0.0999999999999943,0.1000000000000227,1.0,1.217,1.162,-1.215,0.951
4211.162,0.0999999999999943,0.1000000000000227,1.0,1.217,1.162,-1.215,0.95
4214.139,0.0999999999999943,0.1000000000000227,1.0,1.217,1.162,-1.215,0.95
4227.039000000001,0.0999999999999943,0.1000000000000227,1.0,1.217,1.162,-1.215,0.95
4231.994000000001,0.0999999999999943,0.1000000000000227,1.0,1.217,1.162,-1.215,0.81
4241.915,0.0999999999999943,0.1000000000000227,1.0,1.217,1.162,-1.215,0.775
4246.379,0.0999999999999943,0.1000000000000227,1.0,1.217,1.162,-1.215,0.775
4257.788,0.0999999999999943,0.1000000000000227,1.0,1.217,1.162,-1.215,0.775
4260.762,0.0999999999999943,0.1000000000000227,1.0,1.217,1.162,-1.215,0.88
4262.251,0.0999999999999943,0.1000000000000227,1.0,1.217,1.162,-1.215,0.88
4264.234,0.0999999999999943,0.1000000000000227,1.0,1.217,1.162,-1.215,0.88
4271.7,0.0999999999999943,0.1000000000000227,1.0,1.217,1.162,-1.215,0.88
